0 0.173794 0.688445 0.047985 0.072873
0 0.116595 0.603829 0.031564 0.045998
0 0.921716 0.617383 0.036364 0.055461
1 0.526525 0.609997 0.032368 0.048185
1 0.313238 0.561776 0.021789 0.032114
1 0.165242 0.553117 0.018318 0.024338
2 0.654605 0.511769 0.011442 0.018782
2 0.696760 0.510160 0.012518 0.018790
2 0.833218 0.554731 0.020332 0.034676
2 0.795410 0.532005 0.015296 0.028536
2 0.766645 0.519042 0.011982 0.020378
2 0.741389 0.505955 0.010882 0.019429
2 0.562167 0.562502 0.024062 0.035160
2 0.587377 0.536928 0.014275 0.024980
2 0.597259 0.523868 0.010560 0.019319
2 0.608586 0.510841 0.009904 0.019730
