0 0.141880 0.769545 0.072704 0.108665
0 0.132343 0.622020 0.034007 0.050525
1 0.620580 0.646809 0.039821 0.064806
1 0.365450 0.572803 0.024406 0.035404
1 0.207693 0.556354 0.019819 0.028235
2 0.746484 0.511880 0.011719 0.020521
2 0.792840 0.511205 0.013443 0.020534
2 0.980364 0.573458 0.024422 0.040346
2 0.917567 0.537266 0.016367 0.029517
2 0.875532 0.521655 0.014165 0.024224
2 0.841204 0.507717 0.011463 0.019754
2 0.656345 0.576428 0.025033 0.039639
2 0.676167 0.543149 0.016884 0.027206
2 0.684940 0.526539 0.010560 0.021131
2 0.696091 0.511911 0.009904 0.019730
0 0.014349 0.590135 0.025990 0.036180
