0 0.184132 0.862650 0.103070 0.143899
0 0.243380 0.630624 0.037733 0.053722
1 0.830038 0.708946 0.055389 0.089767
1 0.515943 0.581921 0.026834 0.039203
1 0.349015 0.557829 0.023215 0.031886
2 0.938852 0.516544 0.013636 0.023576
2 0.993256 0.516784 0.013489 0.021242
2 0.849249 0.597564 0.030668 0.050111
2 0.866389 0.552715 0.018755 0.032063
2 0.871428 0.533215 0.013053 0.023313
2 0.880458 0.516598 0.009860 0.019984
0 0.146395 0.590114 0.026285 0.036180
1 0.143396 0.551155 0.017940 0.027431
0 0.038116 0.578967 0.020536 0.029415
