0 0.138648 0.758434 0.072704 0.108665
0 0.126611 0.627556 0.033600 0.049754
1 0.609921 0.643066 0.039821 0.064806
1 0.357022 0.576780 0.024406 0.035404
1 0.199544 0.556510 0.019026 0.027570
2 0.735331 0.510249 0.011775 0.020521
2 0.782050 0.511866 0.012518 0.019826
2 0.963960 0.570626 0.024422 0.040346
2 0.903091 0.538146 0.016209 0.029517
2 0.863134 0.522761 0.014358 0.024037
2 0.828310 0.509315 0.011463 0.019754
2 0.643753 0.577368 0.025033 0.039639
2 0.665074 0.541681 0.016884 0.027206
2 0.676103 0.525973 0.010560 0.021131
2 0.686983 0.511628 0.009904 0.019730
0 0.012109 0.598168 0.024219 0.036180
