0 0.174997 0.707481 0.055667 0.085137
0 0.130116 0.613154 0.031564 0.045898
0 0.984766 0.643066 0.030469 0.067383
1 0.562272 0.622370 0.032790 0.056405
1 0.333948 0.567531 0.023275 0.034055
1 0.184106 0.558264 0.018552 0.025203
2 0.690679 0.518326 0.011762 0.019633
2 0.733701 0.515171 0.012518 0.019109
2 0.884614 0.561983 0.022479 0.038299
2 0.839418 0.536261 0.016209 0.029517
2 0.809417 0.527890 0.011982 0.020378
2 0.778425 0.511728 0.010976 0.019576
2 0.596569 0.571712 0.024062 0.035160
2 0.620848 0.545851 0.014553 0.027248
2 0.631623 0.525463 0.010560 0.021131
2 0.643766 0.512511 0.009904 0.019730
0 0.010072 0.586433 0.020143 0.033448
