0 0.068090 0.921549 0.091302 0.137086
0 0.196649 0.665712 0.047985 0.072873
0 0.129156 0.601364 0.032378 0.048629
0 0.864443 0.604870 0.029967 0.051538
1 0.513222 0.600217 0.030241 0.048185
1 0.305490 0.561102 0.020480 0.028377
1 0.160568 0.555611 0.018318 0.024338
2 0.637976 0.514286 0.011442 0.018782
2 0.678009 0.512612 0.012518 0.018683
2 0.799206 0.554537 0.019022 0.033390
2 0.769358 0.531940 0.015359 0.028533
2 0.743088 0.521198 0.011982 0.020378
2 0.719807 0.510722 0.010741 0.019208
2 0.545755 0.561064 0.020547 0.032664
2 0.568544 0.539595 0.013895 0.024181
2 0.581126 0.527237 0.010560 0.019319
2 0.593494 0.516106 0.009263 0.016196
