0 0.117188 0.762236 0.056159 0.092679
1 0.963572 0.695085 0.049017 0.080682
1 0.992188 0.606217 0.015625 0.053395
0 0.151123 0.640519 0.032134 0.053319
0 0.061963 0.600904 0.025207 0.038160
0 0.683665 0.587167 0.024506 0.040127
0 0.875169 0.545942 0.015997 0.029187
1 0.400583 0.591479 0.024197 0.037406
1 0.217943 0.566155 0.020480 0.026850
1 0.075770 0.564337 0.016994 0.022512
2 0.516406 0.521468 0.011442 0.017985
2 0.552769 0.522377 0.010471 0.016123
2 0.647985 0.552391 0.016282 0.028030
2 0.626987 0.535287 0.013612 0.022895
2 0.607768 0.528829 0.011913 0.020549
2 0.590319 0.518886 0.011162 0.019440
2 0.429238 0.562413 0.016304 0.027295
2 0.450225 0.543583 0.011784 0.021232
2 0.461965 0.533453 0.009984 0.017008
2 0.475528 0.524583 0.008281 0.014766
