0 0.102113 0.855395 0.084193 0.120083
0 0.200564 0.655732 0.037448 0.061369
0 0.125881 0.596564 0.032378 0.048629
0 0.827300 0.600381 0.029758 0.046875
1 0.495823 0.597928 0.025909 0.041139
1 0.296114 0.560190 0.020480 0.028377
1 0.153445 0.555887 0.018318 0.024338
2 0.617031 0.515378 0.011442 0.017985
2 0.656594 0.514567 0.011340 0.017150
2 0.770971 0.554693 0.018198 0.031481
2 0.742617 0.534519 0.013920 0.023115
2 0.718696 0.523398 0.011723 0.020146
2 0.696423 0.514545 0.010741 0.019208
2 0.527070 0.560372 0.020547 0.032208
2 0.551117 0.538131 0.013895 0.024181
2 0.561163 0.527252 0.009984 0.018037
2 0.574607 0.517793 0.009170 0.015116
