3 0.938376 0.770171 0.101694 0.192957
3 0.047656 0.814453 0.095312 0.195312
0 0.139634 0.728900 0.048357 0.079763
1 0.889148 0.674006 0.040206 0.075619
1 0.944452 0.597682 0.033166 0.053395
0 0.153643 0.631687 0.030634 0.052485
0 0.060451 0.593775 0.025207 0.034500
0 0.650692 0.580644 0.023086 0.039169
0 0.837436 0.545329 0.015997 0.029187
1 0.386632 0.586193 0.022930 0.035579
1 0.204480 0.568992 0.018942 0.025697
1 0.063700 0.564108 0.016001 0.022750
2 0.494859 0.524700 0.011442 0.017985
2 0.530339 0.523001 0.010471 0.016123
2 0.619236 0.549845 0.015620 0.027288
2 0.602569 0.535862 0.013612 0.022895
2 0.585573 0.528624 0.011913 0.020138
2 0.566730 0.524676 0.009888 0.015033
2 0.411870 0.566053 0.015513 0.026978
2 0.431652 0.547285 0.011433 0.020825
2 0.443230 0.538725 0.009984 0.017008
2 0.454715 0.529312 0.008281 0.014766
