0 0.179275 0.680225 0.047985 0.072873
0 0.118569 0.602773 0.031564 0.045998
0 0.898224 0.615621 0.036364 0.055461
1 0.520736 0.607182 0.032368 0.048185
1 0.307713 0.562966 0.021207 0.030453
1 0.158665 0.555467 0.018318 0.024338
2 0.645501 0.512424 0.011442 0.018782
2 0.685559 0.512650 0.012518 0.018683
2 0.819257 0.553694 0.020274 0.035357
2 0.781848 0.529823 0.014592 0.027548
2 0.755134 0.519336 0.011982 0.020378
2 0.729160 0.506508 0.010741 0.019208
2 0.552678 0.559909 0.024062 0.032664
2 0.576265 0.537838 0.013895 0.024980
2 0.587471 0.525703 0.010560 0.019319
2 0.600272 0.513628 0.009263 0.016196
