0 0.093357 0.864595 0.090927 0.132812
0 0.201466 0.658550 0.037448 0.061369
0 0.129292 0.595613 0.032378 0.048629
0 0.840775 0.601914 0.029758 0.046875
1 0.501652 0.598039 0.025909 0.041139
1 0.302555 0.559461 0.020480 0.028377
1 0.158829 0.555751 0.018318 0.024338
2 0.625867 0.514670 0.011442 0.017985
2 0.664387 0.516640 0.011811 0.017764
2 0.782104 0.553380 0.018604 0.032542
2 0.751625 0.531135 0.014075 0.025009
2 0.728384 0.520931 0.011982 0.020378
2 0.705124 0.513781 0.010741 0.019208
2 0.534683 0.556632 0.020547 0.032664
2 0.558884 0.539684 0.013895 0.024181
2 0.568566 0.528880 0.010272 0.018043
2 0.581081 0.519293 0.009216 0.015656
