0 0.117188 0.767690 0.056159 0.092679
1 0.985547 0.700213 0.028906 0.091860
0 0.161205 0.639964 0.033633 0.054152
0 0.074548 0.599299 0.025207 0.038160
0 0.705115 0.588654 0.027095 0.040824
0 0.898109 0.546881 0.015997 0.029187
1 0.416609 0.590518 0.024197 0.041139
1 0.231605 0.564803 0.020480 0.027020
1 0.088831 0.562493 0.017987 0.022274
2 0.531904 0.523711 0.011442 0.017985
2 0.569474 0.521303 0.010471 0.016123
2 0.667779 0.552527 0.016282 0.028030
2 0.645218 0.535227 0.013612 0.022895
2 0.628032 0.527603 0.012130 0.020513
2 0.607374 0.518994 0.011477 0.021590
2 0.446526 0.557347 0.018146 0.028600
2 0.467921 0.539554 0.011784 0.021232
2 0.479483 0.528468 0.009984 0.017008
2 0.493221 0.519495 0.008577 0.014883
