0 0.110192 0.929441 0.103070 0.141118
0 0.229152 0.645046 0.037733 0.054802
1 0.890052 0.753108 0.063180 0.107127
1 0.523111 0.585473 0.030601 0.042380
1 0.355438 0.556091 0.023215 0.031886
2 0.970961 0.520528 0.014658 0.023576
2 0.895579 0.611263 0.033321 0.053254
2 0.905047 0.559840 0.021781 0.033147
2 0.908312 0.533741 0.013964 0.024786
2 0.913162 0.515107 0.009725 0.020747
0 0.140686 0.590548 0.026285 0.036180
1 0.145050 0.549719 0.017940 0.027431
0 0.029451 0.575497 0.020841 0.029791
