0 0.123248 0.775266 0.056159 0.092679
0 0.173637 0.635745 0.033633 0.054152
0 0.087683 0.593369 0.025207 0.038160
0 0.728608 0.584794 0.027095 0.044029
0 0.925842 0.540628 0.015997 0.029187
1 0.434145 0.585605 0.024197 0.041139
1 0.245213 0.557977 0.020480 0.027529
1 0.103707 0.553342 0.018318 0.022730
2 0.551234 0.515577 0.011442 0.017985
2 0.587746 0.513962 0.010471 0.016123
2 0.687160 0.545003 0.016282 0.028030
2 0.665551 0.530302 0.013612 0.022895
2 0.646587 0.519489 0.012202 0.020501
2 0.627199 0.512536 0.011477 0.019213
2 0.464756 0.555347 0.018925 0.030615
2 0.484501 0.535654 0.012534 0.022112
2 0.496423 0.524527 0.009984 0.017265
2 0.509093 0.515031 0.009170 0.015116
