0 0.147292 0.740510 0.068176 0.091410
0 0.121894 0.622212 0.032379 0.047441
1 0.584605 0.639626 0.039821 0.061650
1 0.341537 0.574874 0.023975 0.034519
1 0.186674 0.559905 0.018629 0.025990
2 0.711768 0.516560 0.011803 0.020521
2 0.757879 0.512699 0.012518 0.019109
2 0.926917 0.571589 0.023294 0.040346
2 0.872824 0.539120 0.016209 0.029517
2 0.836459 0.523519 0.012896 0.022671
2 0.802969 0.512608 0.011301 0.019695
2 0.619927 0.574636 0.025033 0.039639
2 0.642827 0.546113 0.016451 0.027248
2 0.653005 0.527906 0.010560 0.021131
2 0.664239 0.514645 0.009904 0.019730
0 0.007422 0.594684 0.014844 0.035202
