1 0.954081 0.824541 0.081124 0.148960
0 0.078644 0.838440 0.091664 0.129761
3 0.871613 0.702637 0.083337 0.153320
3 0.170315 0.725936 0.080464 0.149491
0 0.233698 0.678608 0.039784 0.064658
1 0.859862 0.647467 0.036788 0.063702
1 0.932496 0.586308 0.031860 0.046342
0 0.226458 0.607656 0.024807 0.040708
0 0.137825 0.583253 0.025207 0.031915
0 0.670617 0.572342 0.021875 0.033947
0 0.854622 0.542764 0.017318 0.029187
1 0.431360 0.575361 0.020306 0.032011
1 0.263140 0.558756 0.016389 0.025930
1 0.130043 0.557539 0.015734 0.021337
2 0.533216 0.520641 0.011442 0.017985
2 0.567220 0.520362 0.009327 0.015472
2 0.649137 0.542644 0.015620 0.026096
2 0.633265 0.531377 0.011953 0.020410
2 0.618817 0.522486 0.011913 0.018702
2 0.602443 0.516867 0.009324 0.014393
2 0.454074 0.551886 0.014214 0.024860
2 0.473890 0.536953 0.011433 0.019908
2 0.483474 0.528586 0.009984 0.017008
2 0.494646 0.521055 0.008281 0.014766
