1 0.970313 0.854522 0.059375 0.158262
0 0.047670 0.872490 0.095341 0.143691
3 0.888273 0.718137 0.087342 0.162777
3 0.138809 0.746830 0.086756 0.162019
0 0.208443 0.688880 0.045943 0.072266
1 0.868617 0.646812 0.036788 0.063702
1 0.936767 0.586963 0.031860 0.046342
0 0.207115 0.608495 0.030634 0.052485
0 0.115410 0.584138 0.025207 0.031915
0 0.665582 0.571644 0.021875 0.033947
0 0.852037 0.539028 0.017318 0.029187
1 0.419004 0.575359 0.022930 0.033531
1 0.246027 0.559184 0.016389 0.025762
1 0.109945 0.557816 0.016001 0.021564
2 0.522117 0.520706 0.011442 0.017985
2 0.557264 0.517827 0.010471 0.016123
2 0.640265 0.548364 0.015620 0.027288
2 0.624874 0.534130 0.011953 0.020410
2 0.608858 0.523601 0.011913 0.018702
2 0.592734 0.516689 0.009324 0.016476
2 0.442155 0.555607 0.014454 0.025578
2 0.461831 0.536378 0.011433 0.020825
2 0.472502 0.529562 0.009984 0.017008
2 0.484406 0.521384 0.008281 0.014766
