0 0.074150 0.898822 0.091302 0.137086
0 0.197966 0.664274 0.045351 0.069997
0 0.129867 0.600349 0.032378 0.048629
0 0.864051 0.606692 0.029967 0.047894
1 0.512159 0.600217 0.028115 0.048185
1 0.305182 0.561551 0.020480 0.028377
1 0.160806 0.555629 0.018318 0.024338
2 0.636345 0.514031 0.011442 0.018782
2 0.676500 0.512441 0.012518 0.018683
2 0.796591 0.555581 0.018604 0.033036
2 0.765760 0.534779 0.013800 0.024617
2 0.741539 0.520246 0.011982 0.020378
2 0.717088 0.512761 0.010741 0.019208
2 0.544667 0.560792 0.020547 0.032664
2 0.567320 0.540558 0.013895 0.024181
2 0.579407 0.528328 0.010560 0.018895
2 0.591515 0.517669 0.009263 0.016196
