0 0.141232 0.751513 0.068176 0.095234
0 0.122536 0.619422 0.033397 0.049368
1 0.604591 0.641194 0.039821 0.064806
1 0.352412 0.569274 0.024334 0.035256
1 0.195470 0.556588 0.018629 0.027238
2 0.730121 0.510045 0.011803 0.020521
2 0.775457 0.509109 0.012518 0.019647
2 0.955758 0.569210 0.024422 0.040346
2 0.897740 0.538227 0.016209 0.029517
2 0.858472 0.522683 0.014065 0.023764
2 0.822654 0.510742 0.011463 0.019754
2 0.640186 0.572311 0.025033 0.039639
2 0.659527 0.540947 0.016884 0.027206
2 0.671685 0.525690 0.010560 0.021131
2 0.682429 0.511486 0.009904 0.019730
0 0.010937 0.595653 0.021875 0.035854
