0 0.136859 0.902044 0.103070 0.143899
0 0.232121 0.639937 0.037733 0.054324
1 0.852851 0.729692 0.055389 0.099020
1 0.514524 0.583599 0.029024 0.041427
1 0.347303 0.555890 0.023215 0.031886
2 0.951441 0.518026 0.014403 0.023576
2 0.870016 0.605794 0.032080 0.050111
2 0.882059 0.558099 0.020463 0.033147
2 0.888177 0.532168 0.013053 0.023313
2 0.894672 0.514327 0.009725 0.020747
0 0.138137 0.587329 0.026285 0.036180
1 0.134598 0.549666 0.017940 0.027431
0 0.025287 0.573869 0.020841 0.029791
