1 0.900476 0.780394 0.089926 0.130983
0 0.116774 0.794922 0.078167 0.111979
3 0.825813 0.680024 0.073765 0.135314
3 0.191421 0.702078 0.073017 0.136089
0 0.245830 0.665006 0.037148 0.062500
1 0.832788 0.624537 0.034486 0.060904
1 0.908786 0.574221 0.031860 0.046342
0 0.235579 0.602600 0.024807 0.039466
0 0.144122 0.578457 0.025207 0.031915
0 0.661577 0.563632 0.020288 0.032256
0 0.842790 0.533829 0.016710 0.024900
0 0.997697 0.518575 0.004607 0.021598
1 0.430296 0.568740 0.019095 0.032011
1 0.267587 0.552061 0.016389 0.027104
1 0.137469 0.552985 0.014799 0.020540
2 0.530280 0.517520 0.011442 0.017985
2 0.565814 0.515923 0.008906 0.015039
2 0.643031 0.539308 0.015620 0.023672
2 0.629757 0.527805 0.011953 0.020410
2 0.615918 0.521070 0.011913 0.018702
2 0.599244 0.514559 0.009324 0.014393
2 0.450685 0.549241 0.014214 0.024860
2 0.469459 0.537415 0.011433 0.018693
2 0.480061 0.528808 0.009984 0.017008
2 0.490686 0.521672 0.008281 0.014766
