1 0.772606 0.712177 0.063411 0.091992
3 0.906479 0.784822 0.106595 0.212924
3 0.046484 0.775667 0.092969 0.178286
0 0.165983 0.722969 0.061446 0.088869
3 0.737012 0.641690 0.057668 0.111150
3 0.220830 0.658443 0.055510 0.107262
0 0.256936 0.632965 0.037148 0.062500
1 0.758068 0.607052 0.031518 0.047962
1 0.844499 0.568091 0.026217 0.041228
0 0.238813 0.587484 0.024807 0.039466
0 0.152613 0.569392 0.025538 0.033092
0 0.626377 0.558166 0.019968 0.032056
0 0.800382 0.531885 0.016710 0.024900
0 0.025744 0.566893 0.014565 0.022934
0 0.953741 0.518298 0.013595 0.019408
1 0.953270 0.542643 0.018452 0.029553
1 0.416005 0.560207 0.018331 0.028814
1 0.263373 0.549758 0.015074 0.021289
1 0.135980 0.549297 0.014161 0.019542
2 0.514924 0.517677 0.011442 0.017985
2 0.544416 0.518591 0.008952 0.015154
2 0.613951 0.535657 0.015620 0.023672
2 0.604983 0.526727 0.011953 0.020410
2 0.592102 0.519292 0.010234 0.016025
2 0.579714 0.516745 0.009297 0.013965
2 0.437260 0.543852 0.015341 0.023415
2 0.455997 0.531945 0.011433 0.018693
2 0.466035 0.524766 0.008523 0.015547
2 0.477188 0.518759 0.007812 0.013398
