0 0.106961 0.853880 0.084193 0.120083
0 0.200113 0.654322 0.037448 0.061369
0 0.122498 0.598256 0.032378 0.048629
0 0.821232 0.604296 0.029758 0.046875
1 0.490951 0.598919 0.025909 0.041139
1 0.292893 0.560554 0.020480 0.028377
1 0.150753 0.555955 0.018318 0.024338
2 0.612612 0.515732 0.011442 0.017985
2 0.651933 0.514684 0.011340 0.017150
2 0.765404 0.555349 0.017995 0.030950
2 0.737572 0.535728 0.013766 0.023005
2 0.713853 0.524632 0.011593 0.020030
2 0.690985 0.516840 0.010741 0.019208
2 0.523264 0.561900 0.020547 0.032664
2 0.546346 0.537979 0.013895 0.024181
2 0.556359 0.527252 0.009984 0.018037
2 0.569667 0.517169 0.009170 0.015116
