0 0.067868 0.964355 0.081452 0.071289
0 0.253923 0.654121 0.040042 0.060789
1 0.974638 0.787851 0.050724 0.126647
1 0.565011 0.587304 0.033482 0.044079
1 0.391856 0.555820 0.023215 0.031886
2 0.968579 0.620044 0.036444 0.059263
2 0.969491 0.562140 0.023724 0.035466
2 0.966570 0.537488 0.015331 0.026996
2 0.970729 0.513937 0.011667 0.020954
0 0.171791 0.590278 0.026285 0.036180
1 0.176563 0.545667 0.017940 0.027431
0 0.063693 0.573160 0.020841 0.029791
1 0.016325 0.547170 0.014706 0.025406
