3 0.948826 0.777462 0.094714 0.198069
3 0.036719 0.828125 0.073438 0.222656
0 0.125673 0.737387 0.056159 0.092679
1 0.897145 0.677162 0.040206 0.075619
1 0.950090 0.595392 0.033166 0.053395
0 0.141465 0.631263 0.030634 0.052485
0 0.050680 0.596319 0.025207 0.034500
0 0.649558 0.583902 0.023654 0.039169
0 0.836385 0.547557 0.015997 0.029187
1 0.379389 0.587906 0.022930 0.035579
1 0.199921 0.567842 0.019285 0.025915
1 0.056783 0.564679 0.016001 0.022750
2 0.491768 0.524916 0.011442 0.017985
2 0.526674 0.524402 0.010471 0.016123
2 0.621288 0.553787 0.015620 0.027288
2 0.599726 0.535622 0.013612 0.022895
2 0.581457 0.528013 0.011913 0.020138
2 0.563485 0.522219 0.010531 0.015141
2 0.406617 0.560276 0.015513 0.026978
2 0.427441 0.544589 0.011433 0.020825
2 0.438789 0.535213 0.009984 0.017008
2 0.450637 0.525800 0.008281 0.014766
