0 0.117188 0.764054 0.056159 0.092679
1 0.973314 0.694367 0.049017 0.091860
1 0.992188 0.606217 0.015625 0.053395
0 0.154157 0.641955 0.033633 0.054152
0 0.067131 0.600022 0.025207 0.038160
0 0.691673 0.586818 0.027095 0.040824
0 0.883194 0.545647 0.015997 0.029187
1 0.406456 0.592359 0.024197 0.037406
1 0.221912 0.565392 0.020480 0.026850
1 0.080124 0.563723 0.017325 0.022432
2 0.521659 0.520693 0.011442 0.017985
2 0.558110 0.522119 0.010471 0.016123
2 0.654192 0.551335 0.016282 0.028030
2 0.632966 0.534288 0.013612 0.022895
2 0.614326 0.527074 0.011986 0.020537
2 0.595824 0.517525 0.011477 0.021590
2 0.434757 0.561138 0.017095 0.027611
2 0.456124 0.542240 0.011784 0.021232
2 0.467393 0.532037 0.009984 0.017008
2 0.481287 0.523314 0.008281 0.014766
