1 0.950023 0.817046 0.086561 0.146634
0 0.085979 0.831299 0.089145 0.126465
3 0.865070 0.699406 0.081970 0.150748
3 0.175517 0.722625 0.079176 0.146893
0 0.237312 0.674886 0.037148 0.062500
1 0.858002 0.641594 0.036788 0.063702
1 0.932373 0.584218 0.031860 0.046342
0 0.229199 0.608399 0.024807 0.039466
0 0.138502 0.579871 0.025207 0.031915
0 0.671637 0.570537 0.021875 0.033947
0 0.854622 0.537054 0.017318 0.029187
1 0.434003 0.571585 0.020306 0.032011
1 0.265106 0.557156 0.016389 0.026098
1 0.131104 0.556888 0.015601 0.021223
2 0.535293 0.519163 0.011442 0.017985
2 0.569610 0.518819 0.009243 0.015386
2 0.650148 0.542453 0.015620 0.026096
2 0.635011 0.531205 0.011953 0.020410
2 0.619928 0.522344 0.011913 0.018702
2 0.603768 0.516570 0.009324 0.014393
2 0.456884 0.550300 0.014214 0.024860
2 0.475848 0.537145 0.011433 0.019602
2 0.485609 0.529139 0.009984 0.017008
2 0.496730 0.521576 0.008281 0.014766
