0 0.048991 0.928592 0.097983 0.142816
0 0.190560 0.669898 0.047985 0.072873
0 0.125421 0.599803 0.031564 0.045998
0 0.880529 0.610741 0.032693 0.052191
1 0.516128 0.602207 0.032368 0.048185
1 0.306411 0.559756 0.020480 0.028377
1 0.159855 0.555557 0.018318 0.024338
2 0.640087 0.509049 0.011442 0.018782
2 0.680089 0.508023 0.012518 0.018683
2 0.807051 0.551406 0.020274 0.034452
2 0.772485 0.529051 0.015359 0.028533
2 0.747149 0.517867 0.011982 0.020378
2 0.721764 0.508886 0.010741 0.019208
2 0.548370 0.561608 0.021426 0.032664
2 0.570787 0.536282 0.013895 0.024181
2 0.582825 0.524494 0.010560 0.019319
2 0.595264 0.513717 0.009263 0.016196
