1 0.945965 0.809551 0.091999 0.144309
0 0.093313 0.824158 0.086627 0.123169
3 0.858527 0.696176 0.080602 0.148176
3 0.180718 0.719313 0.077888 0.144295
0 0.241541 0.672771 0.037148 0.062500
1 0.856142 0.635721 0.036788 0.063702
1 0.932251 0.582128 0.031860 0.046342
0 0.231266 0.606989 0.024807 0.039466
0 0.141900 0.582249 0.025207 0.031915
0 0.672656 0.568731 0.021875 0.033947
0 0.854622 0.536566 0.017318 0.030163
1 0.434616 0.571408 0.020306 0.032011
1 0.267072 0.555556 0.016389 0.026265
1 0.132164 0.556238 0.015467 0.021109
2 0.535342 0.519003 0.011092 0.017900
2 0.571848 0.519731 0.009158 0.015299
2 0.651160 0.542263 0.015620 0.026096
2 0.636758 0.531032 0.011953 0.020410
2 0.621038 0.522202 0.011913 0.018702
2 0.605094 0.516272 0.009324 0.014393
2 0.457563 0.549522 0.014214 0.024860
2 0.475942 0.536786 0.011433 0.019374
2 0.487745 0.529693 0.009984 0.017008
2 0.498813 0.522097 0.008281 0.014766
