0 0.165221 0.823052 0.089490 0.125309
0 0.204071 0.630456 0.039764 0.051877
1 0.752645 0.681630 0.049350 0.080405
1 0.457363 0.576125 0.025896 0.037745
1 0.297038 0.555712 0.023215 0.031886
2 0.865654 0.512221 0.012441 0.022490
2 0.918901 0.513217 0.014368 0.022763
2 0.970540 0.510573 0.011727 0.023293
2 0.779229 0.589105 0.027464 0.047951
2 0.796691 0.547282 0.017556 0.032063
2 0.802606 0.527449 0.012956 0.023335
2 0.812998 0.511045 0.009904 0.019730
0 0.100732 0.589123 0.026285 0.036180
1 0.087146 0.552949 0.017940 0.027431
