3 0.923661 0.754520 0.097409 0.184810
3 0.066683 0.803223 0.097656 0.182617
0 0.157847 0.724173 0.048357 0.079763
1 0.878384 0.664393 0.040206 0.075619
1 0.939023 0.595564 0.033166 0.053395
0 0.164932 0.631569 0.030634 0.052485
0 0.073509 0.600529 0.025207 0.034500
0 0.654545 0.577185 0.022802 0.037375
0 0.840162 0.544934 0.015997 0.029187
1 0.393276 0.589078 0.022930 0.035579
1 0.216451 0.570151 0.018812 0.025746
1 0.075544 0.567534 0.016001 0.022750
2 0.501510 0.525450 0.011442 0.017985
2 0.535520 0.524516 0.010471 0.016123
2 0.624660 0.553108 0.015620 0.027288
2 0.607437 0.533995 0.012368 0.021031
2 0.590709 0.525122 0.011913 0.019276
2 0.574118 0.518548 0.009566 0.014980
2 0.419280 0.556562 0.015513 0.026398
2 0.438634 0.547423 0.011433 0.020825
2 0.449818 0.532572 0.009984 0.017008
2 0.461564 0.523356 0.008281 0.014766
