1 0.760160 0.701210 0.059427 0.087304
3 0.883624 0.767632 0.104036 0.203213
3 0.063198 0.759679 0.090040 0.170262
0 0.178013 0.710803 0.057750 0.083809
3 0.728092 0.634455 0.054076 0.108043
3 0.230899 0.650612 0.053835 0.104428
0 0.260697 0.628250 0.037148 0.062500
1 0.752731 0.602688 0.031518 0.047962
1 0.839122 0.564209 0.026217 0.041228
0 0.244241 0.584354 0.024807 0.039466
0 0.154938 0.568368 0.020889 0.031044
0 0.626377 0.557458 0.019968 0.032056
0 0.796675 0.532865 0.016710 0.024900
0 0.031940 0.565051 0.014565 0.022934
0 0.952048 0.517042 0.013595 0.021008
1 0.948965 0.542156 0.018452 0.028732
1 0.417919 0.559946 0.018331 0.028814
1 0.266403 0.549103 0.015074 0.021289
1 0.140735 0.547769 0.014161 0.019542
2 0.515273 0.517152 0.011442 0.017985
2 0.546783 0.516385 0.008906 0.015039
2 0.614055 0.535917 0.015620 0.023672
2 0.604223 0.526507 0.011953 0.020410
2 0.592662 0.520318 0.010234 0.016025
2 0.580847 0.516982 0.009297 0.013965
2 0.439299 0.542546 0.015341 0.023415
2 0.457336 0.531515 0.011433 0.018693
2 0.466933 0.524896 0.008523 0.015547
2 0.478520 0.518841 0.007560 0.013398
