1 0.970313 0.854522 0.059375 0.158262
0 0.052155 0.866177 0.097280 0.141670
3 0.884941 0.715037 0.086541 0.160885
3 0.146760 0.741350 0.085542 0.159652
0 0.213516 0.691346 0.045943 0.072266
1 0.865207 0.651074 0.036788 0.063702
1 0.937612 0.590839 0.031860 0.046342
0 0.211512 0.618644 0.030634 0.052485
0 0.119162 0.589033 0.025207 0.031915
0 0.668713 0.576293 0.021875 0.033947
0 0.851255 0.542208 0.017318 0.029187
1 0.420858 0.581499 0.020766 0.033078
1 0.249178 0.559393 0.016389 0.025762
1 0.113664 0.557938 0.016001 0.021564
2 0.524824 0.523722 0.011442 0.017985
2 0.559896 0.522958 0.010146 0.015964
2 0.642253 0.550753 0.015620 0.027288
2 0.626507 0.535064 0.011953 0.020410
2 0.610588 0.529265 0.011913 0.018702
2 0.595453 0.522828 0.009324 0.014393
2 0.445484 0.558266 0.014374 0.025339
2 0.463984 0.543426 0.011433 0.020825
2 0.474711 0.535052 0.009984 0.017008
2 0.485740 0.526163 0.008281 0.014766
