0 0.186556 0.845984 0.103070 0.143899
0 0.242771 0.630873 0.037733 0.053722
1 0.822691 0.704852 0.054296 0.088090
1 0.509581 0.579126 0.026365 0.038474
1 0.345210 0.555571 0.023215 0.031886
2 0.932428 0.516059 0.013636 0.023576
2 0.987083 0.516192 0.013782 0.021242
2 0.845175 0.593900 0.029962 0.050111
2 0.861832 0.552326 0.018755 0.032063
2 0.867746 0.531108 0.013053 0.023313
2 0.876949 0.514511 0.009904 0.019730
0 0.142403 0.588986 0.026285 0.036180
1 0.137915 0.550992 0.017940 0.027431
0 0.032394 0.578383 0.020231 0.029039
