1 0.776755 0.715833 0.064739 0.093554
3 0.914098 0.790553 0.107448 0.216161
3 0.043750 0.781388 0.087500 0.181917
0 0.161974 0.727025 0.062678 0.090555
3 0.739986 0.644102 0.058866 0.112186
3 0.217504 0.662577 0.056205 0.109033
0 0.256571 0.634944 0.037148 0.062500
1 0.761004 0.605930 0.031518 0.047962
1 0.847005 0.567896 0.026217 0.041228
0 0.237182 0.589388 0.024807 0.039466
0 0.148892 0.568968 0.025538 0.033092
0 0.626377 0.558402 0.019968 0.032056
0 0.801618 0.531558 0.016710 0.024900
0 0.023138 0.566610 0.014565 0.022934
0 0.953897 0.520643 0.013595 0.019408
1 0.953191 0.546184 0.018452 0.029553
1 0.415367 0.560294 0.018331 0.028814
1 0.262363 0.549977 0.015074 0.021289
1 0.134773 0.549991 0.014161 0.019542
2 0.514257 0.517434 0.011442 0.017985
2 0.543705 0.519773 0.008975 0.015212
2 0.613916 0.535570 0.015620 0.023672
2 0.604761 0.526043 0.011953 0.020410
2 0.592160 0.519218 0.010234 0.016025
2 0.579332 0.515633 0.009297 0.013965
2 0.436444 0.545484 0.015341 0.023415
2 0.455752 0.532455 0.011433 0.018693
2 0.466054 0.525059 0.008523 0.015547
2 0.477110 0.519223 0.007812 0.013398
