0 0.117188 0.760418 0.056159 0.092679
1 0.952611 0.692040 0.049017 0.080682
1 0.987500 0.601284 0.025000 0.053395
0 0.148090 0.639082 0.030634 0.052485
0 0.059244 0.598865 0.025207 0.038160
0 0.677628 0.582476 0.024506 0.040127
0 0.868480 0.545126 0.015997 0.029187
1 0.397682 0.588709 0.022930 0.036284
1 0.213974 0.566917 0.020480 0.026850
1 0.071416 0.564952 0.016663 0.022591
2 0.511153 0.522243 0.011442 0.017985
2 0.547429 0.522635 0.010471 0.016123
2 0.642929 0.552154 0.016061 0.027783
2 0.622330 0.535444 0.013612 0.022895
2 0.603381 0.528177 0.011913 0.020446
2 0.584814 0.520247 0.010846 0.017290
2 0.424994 0.558379 0.015513 0.026978
2 0.445631 0.544311 0.011784 0.021232
2 0.456536 0.534869 0.009984 0.017008
2 0.469769 0.525852 0.008281 0.014766
