0 0.154985 0.800218 0.081137 0.117519
0 0.177047 0.626781 0.036421 0.051514
1 0.706369 0.669688 0.046589 0.075877
1 0.423948 0.576490 0.025896 0.037745
1 0.266076 0.556779 0.023215 0.031886
2 0.825203 0.510674 0.012291 0.021710
2 0.872901 0.513493 0.014368 0.021242
2 0.966629 0.527299 0.014912 0.024410
2 0.925059 0.512061 0.011463 0.019754
2 0.734589 0.582441 0.027637 0.043540
2 0.754374 0.545148 0.017611 0.029408
2 0.762728 0.526316 0.012956 0.023335
2 0.770741 0.510336 0.009904 0.019730
0 0.069112 0.587360 0.026285 0.036180
1 0.054420 0.555396 0.017940 0.027431
