0 0.121228 0.772741 0.056159 0.092679
0 0.171810 0.635745 0.033633 0.054152
0 0.086059 0.587788 0.025207 0.038160
0 0.722343 0.583570 0.027095 0.044029
0 0.917685 0.541443 0.015997 0.029187
1 0.429839 0.581934 0.024197 0.041139
1 0.242611 0.557648 0.020480 0.027359
1 0.101642 0.553069 0.018318 0.022195
2 0.546292 0.514964 0.011442 0.017985
2 0.583091 0.513390 0.010471 0.016123
2 0.680700 0.547511 0.016282 0.028030
2 0.659076 0.530144 0.013612 0.022895
2 0.640165 0.519752 0.012202 0.020501
2 0.620591 0.514689 0.011477 0.020005
2 0.459027 0.552316 0.018665 0.029944
2 0.481244 0.534326 0.012159 0.021672
2 0.492806 0.524162 0.009984 0.017008
2 0.505571 0.514394 0.009170 0.015116
