0 0.115041 0.928684 0.103070 0.142632
0 0.226093 0.644535 0.037733 0.054777
1 0.880129 0.749436 0.063180 0.106295
1 0.518581 0.585473 0.030025 0.042040
1 0.353811 0.556051 0.023215 0.031886
2 0.964932 0.521034 0.014658 0.023576
2 0.887748 0.611566 0.032317 0.053211
2 0.899031 0.559416 0.021781 0.033147
2 0.902439 0.533862 0.013509 0.024049
2 0.907844 0.515923 0.009725 0.020747
0 0.136898 0.590842 0.026285 0.036180
1 0.141364 0.550371 0.017940 0.027431
0 0.026420 0.575993 0.020841 0.029791
