0 0.047656 0.937012 0.095312 0.125977
0 0.182685 0.676775 0.047985 0.072873
0 0.118569 0.602490 0.031564 0.045998
0 0.891146 0.613669 0.034896 0.054153
1 0.518893 0.605192 0.032368 0.048185
1 0.307192 0.561682 0.020916 0.029623
1 0.159141 0.555503 0.018318 0.024338
2 0.643429 0.510925 0.011442 0.018782
2 0.683556 0.509170 0.012518 0.018683
2 0.814833 0.554160 0.020274 0.034452
2 0.777860 0.531097 0.014592 0.027039
2 0.751708 0.518601 0.011982 0.020378
2 0.725788 0.507391 0.010741 0.019208
2 0.549688 0.561608 0.024062 0.032664
2 0.573900 0.536507 0.013895 0.024580
2 0.585431 0.524641 0.010560 0.019319
2 0.598063 0.513274 0.009263 0.016196
