3 0.907936 0.741043 0.093124 0.172116
3 0.091016 0.781406 0.097656 0.181953
0 0.175057 0.711086 0.045943 0.072266
1 0.876631 0.658548 0.040206 0.075619
1 0.938279 0.590490 0.033166 0.053395
0 0.179140 0.622478 0.030634 0.052485
0 0.087707 0.592959 0.025207 0.034500
0 0.656445 0.579086 0.022802 0.035581
0 0.841240 0.543302 0.015997 0.029187
1 0.401397 0.583647 0.022930 0.033531
1 0.226031 0.561793 0.017975 0.025762
1 0.085891 0.561300 0.016001 0.022750
2 0.506367 0.522960 0.011442 0.017985
2 0.540966 0.523229 0.010471 0.016123
2 0.629359 0.549192 0.015620 0.027288
2 0.610813 0.536025 0.011953 0.020410
2 0.596082 0.526564 0.011913 0.018702
2 0.577427 0.521533 0.009405 0.014589
2 0.424670 0.559462 0.015187 0.025817
2 0.445336 0.540935 0.011433 0.020825
2 0.455471 0.533698 0.009984 0.017008
2 0.467491 0.524806 0.008281 0.014766
