1 0.822045 0.748498 0.074905 0.108983
3 0.964062 0.884277 0.071874 0.209180
0 0.125885 0.763523 0.073768 0.105735
3 0.772764 0.659725 0.064238 0.122656
3 0.192509 0.684455 0.064090 0.123931
0 0.233536 0.652685 0.037148 0.062500
1 0.784437 0.620376 0.031518 0.053698
1 0.860572 0.581695 0.026217 0.041228
0 0.218939 0.603000 0.024807 0.039466
0 0.129695 0.581296 0.025538 0.033092
0 0.630380 0.568258 0.019968 0.032056
0 0.804342 0.543469 0.016710 0.024900
0 0.005859 0.574805 0.011719 0.025187
0 0.958915 0.528697 0.013595 0.020537
1 0.966902 0.555102 0.018638 0.030629
1 0.406888 0.572044 0.018331 0.028814
1 0.247009 0.558386 0.015444 0.024781
1 0.115719 0.558620 0.014161 0.019542
2 0.506045 0.523792 0.011442 0.017985
2 0.540060 0.525265 0.008906 0.015039
2 0.611317 0.548444 0.015620 0.023672
2 0.599162 0.535611 0.011953 0.020410
2 0.585806 0.529627 0.010234 0.016025
2 0.572178 0.523846 0.009297 0.013965
2 0.429006 0.553043 0.015341 0.023415
2 0.446728 0.542536 0.011433 0.018693
2 0.456531 0.536041 0.009126 0.016426
2 0.468343 0.526802 0.008281 0.014766
