1 0.807040 0.735802 0.069273 0.100732
3 0.954316 0.831348 0.091367 0.237402
3 0.030294 0.829637 0.058163 0.167157
0 0.137914 0.751357 0.070071 0.100675
3 0.759391 0.654500 0.062468 0.118896
3 0.200401 0.672483 0.061028 0.119240
0 0.241248 0.645581 0.037148 0.062500
1 0.776502 0.618103 0.031518 0.053698
1 0.855873 0.571662 0.026217 0.041228
0 0.225008 0.598596 0.024807 0.039466
0 0.135854 0.573575 0.025538 0.033092
0 0.628908 0.565709 0.019968 0.032056
0 0.803363 0.537351 0.016710 0.024900
0 0.007974 0.573017 0.014116 0.027387
0 0.958524 0.523706 0.013595 0.020537
1 0.963286 0.547013 0.018638 0.030629
1 0.409948 0.565298 0.018331 0.028814
1 0.251129 0.553166 0.015222 0.022686
1 0.122766 0.553334 0.014161 0.019542
2 0.508496 0.521856 0.011442 0.017985
2 0.540523 0.519838 0.008906 0.015039
2 0.611533 0.544681 0.015620 0.023672
2 0.602814 0.532467 0.011953 0.020410
2 0.589082 0.525748 0.010234 0.016025
2 0.573822 0.520507 0.009297 0.013965
2 0.432582 0.548345 0.015341 0.023415
2 0.450477 0.535994 0.011433 0.018693
2 0.459929 0.532748 0.009126 0.016426
2 0.471402 0.525421 0.008281 0.014766
