1 0.768457 0.708522 0.062083 0.090429
3 0.898861 0.779092 0.105742 0.209687
3 0.052055 0.770337 0.091993 0.175611
0 0.169993 0.718914 0.060214 0.087182
3 0.734039 0.639279 0.056471 0.110115
3 0.224155 0.654309 0.054814 0.105492
0 0.257302 0.630986 0.037148 0.062500
1 0.755362 0.604515 0.031518 0.047962
1 0.841993 0.568287 0.026217 0.041228
0 0.240444 0.585581 0.024807 0.039466
0 0.153388 0.569051 0.023988 0.032409
0 0.626377 0.557930 0.019968 0.032056
0 0.799146 0.532212 0.016710 0.024900
0 0.028028 0.564855 0.014565 0.022934
0 0.953038 0.520446 0.013595 0.019408
1 0.952363 0.545050 0.018452 0.029553
1 0.416643 0.560120 0.018331 0.028814
1 0.264383 0.549540 0.015074 0.021289
1 0.137187 0.548604 0.014161 0.019542
2 0.514778 0.517283 0.011442 0.017985
2 0.545128 0.517409 0.008929 0.015097
2 0.613985 0.535744 0.015620 0.023672
2 0.605205 0.527412 0.011953 0.020410
2 0.592043 0.519365 0.010234 0.016025
2 0.580092 0.516824 0.009297 0.013965
2 0.437940 0.542958 0.015341 0.023415
2 0.456242 0.531435 0.011433 0.018693
2 0.466015 0.524472 0.008523 0.015547
2 0.477266 0.518295 0.007812 0.013398
