0 0.123525 0.920227 0.103070 0.143899
0 0.228150 0.643566 0.037733 0.054751
1 0.873310 0.744500 0.061232 0.104476
1 0.517567 0.585005 0.029775 0.041887
1 0.352184 0.556011 0.023215 0.031886
2 0.960962 0.517440 0.014658 0.023576
2 0.882859 0.609969 0.032238 0.052178
2 0.893016 0.558991 0.021781 0.033147
2 0.896567 0.533983 0.013053 0.023313
2 0.902526 0.516738 0.009725 0.020747
0 0.137208 0.589964 0.026285 0.036180
1 0.139672 0.550195 0.017940 0.027431
0 0.026137 0.575462 0.020841 0.029791
