0 0.161585 0.820022 0.089490 0.125309
0 0.197632 0.629099 0.039095 0.051804
1 0.741731 0.680828 0.046589 0.080405
1 0.449657 0.576490 0.025896 0.037745
1 0.289912 0.556691 0.023215 0.031886
2 0.857161 0.515096 0.012404 0.022369
2 0.908160 0.512738 0.014368 0.023523
2 0.992155 0.530773 0.013342 0.024410
2 0.959127 0.511647 0.011727 0.023293
2 0.769081 0.588429 0.027464 0.047951
2 0.787999 0.547838 0.017574 0.031178
2 0.794631 0.527222 0.012956 0.023335
2 0.804547 0.510903 0.009904 0.019730
0 0.093308 0.590004 0.026285 0.036180
1 0.078565 0.553561 0.017940 0.027431
