1 0.751862 0.693899 0.056772 0.084179
3 0.868387 0.756368 0.102330 0.197133
3 0.074340 0.749020 0.088088 0.164912
0 0.186033 0.702692 0.055285 0.080436
3 0.722145 0.629632 0.051682 0.105971
3 0.234340 0.646916 0.052856 0.103364
0 0.267364 0.625977 0.037148 0.062500
1 0.750100 0.600862 0.031518 0.047962
1 0.837969 0.567808 0.026217 0.041228
0 0.248571 0.585707 0.024807 0.039466
0 0.160576 0.565676 0.020889 0.031044
0 0.626377 0.556986 0.019968 0.032056
0 0.796946 0.534905 0.016710 0.024900
0 0.037432 0.564093 0.014565 0.022934
0 0.951100 0.520296 0.013595 0.021808
1 0.945462 0.544654 0.018452 0.028322
1 0.420204 0.559674 0.018331 0.028814
1 0.268423 0.548666 0.015074 0.021289
1 0.145418 0.547485 0.014161 0.019542
2 0.516555 0.517677 0.011442 0.017985
2 0.548672 0.516700 0.008906 0.015039
2 0.613853 0.537479 0.015620 0.023672
2 0.606054 0.527295 0.011953 0.020410
2 0.594016 0.522076 0.010234 0.016025
2 0.581602 0.517139 0.009297 0.013965
2 0.440659 0.543512 0.015341 0.023415
2 0.459035 0.532695 0.011433 0.018693
2 0.468809 0.526328 0.008523 0.015547
2 0.480871 0.520859 0.007055 0.013398
