0 0.056158 0.921365 0.095772 0.140483
0 0.194619 0.667107 0.047985 0.072873
0 0.128749 0.600048 0.031564 0.045998
0 0.870716 0.607317 0.030963 0.051538
1 0.514285 0.600217 0.032368 0.048185
1 0.305797 0.560653 0.020480 0.028377
1 0.160331 0.555593 0.018318 0.024338
2 0.639608 0.514541 0.011442 0.018782
2 0.678703 0.511082 0.012518 0.018683
2 0.801821 0.553493 0.019439 0.033744
2 0.770401 0.530977 0.015359 0.028533
2 0.744883 0.517867 0.011982 0.020378
2 0.720459 0.510110 0.010741 0.019208
2 0.546842 0.561336 0.020547 0.032664
2 0.569291 0.538490 0.013895 0.024181
2 0.581693 0.526323 0.010560 0.019319
2 0.594084 0.515310 0.009263 0.016196
