0 0.173429 0.691490 0.047985 0.072873
0 0.117813 0.602815 0.031564 0.045998
0 0.928861 0.621228 0.037664 0.055212
1 0.530909 0.611235 0.032368 0.049668
1 0.314620 0.561479 0.021934 0.032529
1 0.166887 0.552530 0.018318 0.024338
2 0.660177 0.512118 0.011442 0.018782
2 0.700928 0.509343 0.012518 0.018896
2 0.839301 0.557027 0.020390 0.034900
2 0.799266 0.532945 0.015531 0.028781
2 0.771481 0.517379 0.011982 0.020378
2 0.744904 0.505919 0.010929 0.019502
2 0.565475 0.563974 0.024062 0.035160
2 0.590365 0.537441 0.014275 0.024980
2 0.601451 0.523960 0.010560 0.019772
2 0.613089 0.511054 0.009904 0.019730
