0 0.152468 0.735182 0.068176 0.091410
0 0.121508 0.623885 0.031768 0.046284
1 0.577297 0.636355 0.038843 0.060072
1 0.340026 0.575293 0.023975 0.034519
1 0.185998 0.564639 0.018629 0.025491
2 0.706738 0.515630 0.011803 0.020521
2 0.750595 0.516148 0.012518 0.019109
2 0.915028 0.570622 0.023294 0.040346
2 0.862288 0.540820 0.016209 0.029517
2 0.826365 0.526960 0.012896 0.022671
2 0.795116 0.514812 0.010976 0.019576
2 0.612306 0.575611 0.024386 0.036653
2 0.635119 0.546169 0.016451 0.027248
2 0.646801 0.529514 0.010560 0.021131
2 0.657609 0.516388 0.009904 0.019730
0 0.007310 0.590285 0.014620 0.035202
