0 0.170667 0.712893 0.055667 0.085137
0 0.127695 0.616938 0.031564 0.045898
0 0.989170 0.642088 0.021659 0.067383
1 0.567506 0.628133 0.034095 0.058181
1 0.336318 0.571273 0.023625 0.034287
1 0.185998 0.559501 0.018629 0.025491
2 0.697383 0.515295 0.011779 0.019988
2 0.740015 0.512806 0.012518 0.019109
2 0.894786 0.566107 0.022479 0.038299
2 0.847357 0.536288 0.016209 0.029517
2 0.815012 0.522422 0.013725 0.025313
2 0.784498 0.510641 0.010976 0.019576
2 0.602796 0.573793 0.024062 0.035160
2 0.625307 0.546441 0.014553 0.027248
2 0.637550 0.526971 0.010560 0.021131
2 0.649587 0.514150 0.009904 0.019730
0 0.009902 0.588336 0.019805 0.033448
