0 0.174510 0.705655 0.055667 0.085137
0 0.131327 0.611261 0.031564 0.045898
0 0.978833 0.634227 0.042333 0.062300
1 0.558516 0.618739 0.032579 0.055260
1 0.332425 0.566079 0.023100 0.033939
1 0.182214 0.557884 0.018474 0.024914
2 0.687916 0.511033 0.011754 0.019455
2 0.731132 0.509991 0.012518 0.019109
2 0.879528 0.559921 0.022479 0.038299
2 0.835448 0.534045 0.016209 0.029517
2 0.804095 0.519704 0.012123 0.021830
2 0.774155 0.507867 0.010976 0.019576
2 0.592171 0.570285 0.024062 0.035160
2 0.617795 0.537684 0.014483 0.026820
2 0.628659 0.524709 0.010560 0.021131
2 0.640855 0.511691 0.009904 0.019730
0 0.010156 0.585482 0.020313 0.033448
