0 0.154177 0.787845 0.081137 0.117519
0 0.165868 0.630370 0.034415 0.051296
1 0.683536 0.661696 0.046589 0.075877
1 0.406699 0.573669 0.025300 0.036809
1 0.250795 0.560170 0.023215 0.031886
2 0.804035 0.509438 0.012291 0.020819
2 0.851925 0.510567 0.014368 0.021242
2 0.988383 0.543425 0.016684 0.030338
2 0.941963 0.522747 0.014207 0.024410
2 0.902032 0.508998 0.011463 0.019754
2 0.712365 0.583308 0.025033 0.043540
2 0.734941 0.543391 0.017611 0.029408
2 0.743468 0.525242 0.012324 0.022423
2 0.752021 0.509265 0.009904 0.019730
0 0.057170 0.591031 0.026285 0.036180
1 0.039103 0.555347 0.017940 0.027431
