0 0.140264 0.763990 0.072704 0.108665
0 0.128993 0.620890 0.033804 0.050140
1 0.615251 0.644937 0.039821 0.064806
1 0.361236 0.574792 0.024406 0.035404
1 0.203618 0.556432 0.019423 0.027902
2 0.740541 0.510453 0.011747 0.020521
2 0.786140 0.510108 0.012980 0.020180
2 0.972162 0.572042 0.024422 0.040346
2 0.909091 0.537008 0.016288 0.029517
2 0.868353 0.520032 0.014261 0.024130
2 0.833965 0.507887 0.011463 0.019754
2 0.650049 0.576898 0.025033 0.039639
2 0.670620 0.542415 0.016884 0.027206
2 0.680522 0.526256 0.010560 0.021131
2 0.691537 0.511769 0.009904 0.019730
0 0.013229 0.593230 0.025105 0.038023
