0 0.177947 0.831045 0.114940 0.141295
0 0.228846 0.631767 0.039417 0.052872
1 0.796887 0.693106 0.052112 0.083652
1 0.489124 0.577798 0.025896 0.037745
1 0.328249 0.554097 0.023215 0.031886
2 0.908807 0.515694 0.013636 0.023576
2 0.961699 0.514446 0.014368 0.021242
2 0.820548 0.593732 0.028160 0.049391
2 0.837498 0.552326 0.018755 0.032063
2 0.844255 0.531312 0.013053 0.023313
2 0.852151 0.516143 0.009904 0.019730
0 0.130425 0.585599 0.026285 0.036180
1 0.121471 0.550502 0.017940 0.027431
0 0.015227 0.576632 0.019315 0.027912
