3 0.913997 0.743605 0.093124 0.176662
3 0.082905 0.788678 0.097656 0.182174
0 0.168855 0.714257 0.045943 0.072266
1 0.877215 0.660497 0.040206 0.075619
1 0.938821 0.590490 0.033166 0.053395
0 0.172374 0.625650 0.030634 0.052485
0 0.081222 0.591903 0.025207 0.034500
0 0.654821 0.578566 0.022802 0.035581
0 0.839673 0.543302 0.015997 0.029187
1 0.398298 0.583443 0.022930 0.033531
1 0.223948 0.561591 0.018372 0.025762
1 0.084182 0.561421 0.016001 0.022750
2 0.504248 0.523554 0.011442 0.017985
2 0.538829 0.523202 0.010471 0.016123
2 0.626320 0.549364 0.015620 0.027288
2 0.609151 0.535388 0.011953 0.020410
2 0.593913 0.527668 0.011913 0.018702
2 0.575687 0.520305 0.009486 0.014784
2 0.421897 0.559462 0.015513 0.025817
2 0.444407 0.540052 0.011433 0.020825
2 0.452814 0.534699 0.009984 0.017008
2 0.464874 0.525758 0.008281 0.014766
