0 0.120753 0.785543 0.068355 0.112267
0 0.174942 0.635980 0.033633 0.054152
0 0.094654 0.588295 0.025207 0.038160
0 0.748003 0.588603 0.026868 0.042441
0 0.946671 0.544828 0.016772 0.029839
1 0.443401 0.584285 0.024197 0.041139
1 0.253793 0.557339 0.020480 0.028207
1 0.112337 0.551578 0.018318 0.024338
2 0.563051 0.511275 0.011442 0.017985
2 0.601939 0.510700 0.010471 0.016123
2 0.703884 0.546174 0.017232 0.029848
2 0.681136 0.527260 0.013612 0.022895
2 0.659352 0.519084 0.011833 0.020207
2 0.639628 0.512551 0.010741 0.019208
2 0.474839 0.551983 0.020547 0.032664
2 0.497845 0.533373 0.013284 0.022992
2 0.508655 0.522771 0.009984 0.018037
2 0.521492 0.513566 0.009170 0.015116
