1 0.972266 0.879424 0.055469 0.108458
0 0.042457 0.884720 0.084915 0.133554
3 0.891605 0.721237 0.088143 0.164668
3 0.130859 0.752310 0.087970 0.164386
0 0.201542 0.691417 0.045943 0.072266
1 0.868324 0.650466 0.036788 0.063702
1 0.936440 0.588727 0.032513 0.049869
0 0.202604 0.612724 0.030634 0.052485
0 0.109863 0.584955 0.025207 0.031915
0 0.664290 0.574193 0.021875 0.033947
0 0.849567 0.538536 0.015997 0.029187
1 0.416850 0.576583 0.022930 0.033531
1 0.242876 0.558976 0.016389 0.025762
1 0.106225 0.557693 0.016001 0.021564
2 0.519592 0.521089 0.011442 0.017985
2 0.554432 0.518913 0.010471 0.016123
2 0.638277 0.545974 0.015620 0.027288
2 0.623242 0.533195 0.011953 0.020410
2 0.607129 0.524248 0.011913 0.018702
2 0.589743 0.518026 0.009324 0.018560
2 0.438827 0.552948 0.014534 0.025817
2 0.458738 0.539438 0.011433 0.020825
2 0.469481 0.529940 0.009984 0.017008
2 0.481385 0.521573 0.008281 0.014766
