0 0.149642 0.777308 0.078087 0.111439
0 0.150645 0.630370 0.034415 0.051296
1 0.652366 0.653791 0.043314 0.074183
1 0.387614 0.573942 0.024406 0.035404
1 0.228503 0.559524 0.022466 0.031056
2 0.775575 0.513870 0.011998 0.020521
2 0.821518 0.512152 0.014368 0.021242
2 0.951814 0.542334 0.016684 0.029517
2 0.908326 0.524614 0.013972 0.024410
2 0.871816 0.511725 0.011463 0.019754
2 0.683637 0.580981 0.025033 0.042564
2 0.705739 0.544397 0.017611 0.029408
2 0.715432 0.529614 0.012113 0.022119
2 0.725049 0.515140 0.009904 0.019730
0 0.036288 0.588965 0.025990 0.036180
1 0.016051 0.559613 0.017940 0.027431
