0 0.168502 0.715600 0.055667 0.085137
0 0.126484 0.618831 0.031564 0.045898
1 0.568983 0.630265 0.035189 0.058811
1 0.337166 0.573563 0.023800 0.034403
1 0.185998 0.560357 0.018629 0.025491
2 0.698371 0.516872 0.011787 0.020166
2 0.741539 0.515092 0.012518 0.019109
2 0.897865 0.567075 0.022683 0.038810
2 0.849641 0.539804 0.016209 0.029517
2 0.817333 0.524808 0.012990 0.023248
2 0.786220 0.512680 0.010976 0.019576
2 0.604362 0.575750 0.024062 0.035160
2 0.627536 0.546736 0.014553 0.027248
2 0.638857 0.530432 0.010560 0.021131
2 0.650771 0.517661 0.009904 0.019730
0 0.009818 0.589288 0.019636 0.033448
