0 0.165344 0.879317 0.103070 0.143899
0 0.239794 0.636708 0.037733 0.053722
1 0.840771 0.723060 0.055389 0.092797
1 0.513206 0.585150 0.028023 0.040815
1 0.349210 0.559947 0.023215 0.031886
2 0.943246 0.513581 0.013636 0.023576
2 0.996094 0.513019 0.007812 0.023304
2 0.859559 0.598455 0.032080 0.050111
2 0.871951 0.551841 0.019548 0.031083
2 0.876991 0.529748 0.013053 0.023313
2 0.884200 0.511111 0.009725 0.020747
0 0.144760 0.587396 0.026285 0.036180
1 0.140330 0.550421 0.017940 0.027431
0 0.031858 0.573728 0.020841 0.029791
