0 0.105344 0.933229 0.103070 0.133542
0 0.235268 0.646069 0.037733 0.054854
1 0.909898 0.760451 0.063180 0.108792
1 0.532170 0.585473 0.031753 0.043059
1 0.361693 0.555928 0.023215 0.031886
2 0.984234 0.518159 0.014658 0.023812
2 0.911242 0.610655 0.035329 0.053341
2 0.917078 0.560689 0.021781 0.033147
2 0.920056 0.533498 0.014875 0.026259
2 0.923799 0.513475 0.009725 0.020747
0 0.148263 0.589960 0.026285 0.036180
1 0.152424 0.548414 0.017940 0.027431
0 0.035512 0.574506 0.020841 0.029791
