0 0.148925 0.791885 0.081137 0.117519
0 0.158257 0.630370 0.034415 0.051296
1 0.668072 0.657285 0.045497 0.075312
1 0.395877 0.570849 0.024704 0.035872
1 0.239401 0.556076 0.023215 0.031886
2 0.788220 0.516448 0.012193 0.020521
2 0.835069 0.516490 0.014368 0.021242
2 0.966585 0.545801 0.016684 0.029928
2 0.923449 0.526188 0.013972 0.024410
2 0.883895 0.515664 0.011463 0.019754
2 0.697356 0.584972 0.025033 0.043540
2 0.717642 0.549096 0.017611 0.029408
2 0.729843 0.526461 0.012113 0.022119
2 0.738870 0.510985 0.009904 0.019730
0 0.046172 0.589857 0.026088 0.036180
1 0.028015 0.556759 0.017940 0.027431
