0 0.149017 0.738734 0.068176 0.091410
0 0.121765 0.622769 0.032175 0.047055
1 0.580871 0.637573 0.039821 0.060072
1 0.341033 0.575014 0.023975 0.034519
1 0.186336 0.562700 0.018629 0.025741
2 0.710091 0.515070 0.011803 0.020521
2 0.754969 0.513277 0.012518 0.019109
2 0.922954 0.571267 0.023294 0.040346
2 0.869312 0.539687 0.016209 0.029517
2 0.833094 0.524666 0.012896 0.022671
2 0.799952 0.513385 0.011138 0.019636
2 0.617171 0.573530 0.025033 0.039639
2 0.640556 0.545036 0.016451 0.027248
2 0.649723 0.528834 0.010560 0.021131
2 0.661211 0.515793 0.009904 0.019730
0 0.007422 0.595571 0.014844 0.035202
