1 0.802039 0.731570 0.067395 0.097982
3 0.951875 0.820312 0.096250 0.227539
3 0.030294 0.829637 0.058163 0.167157
0 0.141924 0.747301 0.068839 0.098989
3 0.756026 0.653106 0.062166 0.117736
3 0.203032 0.668492 0.060007 0.117677
0 0.247356 0.646462 0.037148 0.062500
1 0.774199 0.617395 0.031518 0.053698
1 0.854242 0.571560 0.026217 0.041228
0 0.226966 0.598351 0.024807 0.039466
0 0.138791 0.575533 0.025538 0.033092
0 0.628417 0.564859 0.019968 0.032056
0 0.802439 0.538711 0.016710 0.024900
0 0.010911 0.574240 0.014116 0.027387
0 0.958394 0.522042 0.013595 0.020537
1 0.961383 0.546843 0.018638 0.030629
1 0.410536 0.568479 0.018331 0.028814
1 0.252503 0.551426 0.015148 0.021988
1 0.125164 0.552845 0.014161 0.019542
2 0.509051 0.523549 0.011442 0.017985
2 0.542066 0.521027 0.008906 0.015039
2 0.611605 0.543427 0.015620 0.023672
2 0.603601 0.531916 0.011953 0.020410
2 0.590173 0.524455 0.010234 0.016025
2 0.574370 0.519394 0.009297 0.013965
2 0.433589 0.550105 0.015341 0.023415
2 0.450831 0.537561 0.011433 0.018693
2 0.461062 0.531651 0.009126 0.016426
2 0.472422 0.524961 0.008281 0.014766
