0 0.176645 0.828441 0.112336 0.136086
0 0.216949 0.633169 0.041101 0.052022
1 0.774668 0.685990 0.052112 0.081487
1 0.473839 0.577730 0.025896 0.037745
1 0.313460 0.554896 0.023215 0.031886
2 0.887231 0.513958 0.013039 0.023033
2 0.940382 0.514174 0.014368 0.021242
2 0.992883 0.514393 0.011727 0.023293
2 0.799527 0.590458 0.027464 0.047951
2 0.817094 0.549804 0.018155 0.032063
2 0.823430 0.529381 0.013005 0.023324
2 0.832575 0.513594 0.009904 0.019730
0 0.115578 0.587361 0.026285 0.036180
1 0.104308 0.551726 0.017940 0.027431
