3 0.943427 0.774906 0.101694 0.192957
3 0.042188 0.821289 0.084375 0.208984
0 0.129892 0.738541 0.048357 0.079763
1 0.893147 0.675584 0.040206 0.075619
1 0.947271 0.596537 0.033166 0.053395
0 0.149246 0.636338 0.030634 0.052485
0 0.056553 0.599256 0.025207 0.034500
0 0.649788 0.585233 0.023370 0.039169
0 0.836620 0.549612 0.015997 0.029187
1 0.382717 0.593046 0.022930 0.035579
1 0.200663 0.571434 0.018986 0.025681
1 0.060242 0.564393 0.016001 0.022750
2 0.492225 0.528953 0.011442 0.017985
2 0.527963 0.528053 0.010471 0.016123
2 0.618950 0.556371 0.015620 0.027288
2 0.601148 0.535742 0.013612 0.022895
2 0.583515 0.528318 0.011913 0.020138
2 0.565107 0.523447 0.010209 0.015087
2 0.410535 0.565883 0.015513 0.026978
2 0.429934 0.549631 0.011433 0.020825
2 0.441010 0.536969 0.009984 0.017008
2 0.452676 0.527556 0.008281 0.014766
