0 0.117225 0.801727 0.068355 0.112267
0 0.174681 0.643458 0.033633 0.054152
0 0.093715 0.595343 0.025207 0.038160
0 0.750254 0.590561 0.026868 0.042441
0 0.950613 0.548227 0.016772 0.029839
1 0.445939 0.592038 0.024197 0.041139
1 0.254566 0.563017 0.020480 0.028377
1 0.113601 0.557763 0.018318 0.024338
2 0.564793 0.518192 0.011442 0.017985
2 0.602478 0.517179 0.010688 0.016380
2 0.706215 0.550973 0.017232 0.029848
2 0.682167 0.534058 0.013612 0.022895
2 0.662125 0.522102 0.011649 0.020060
2 0.641658 0.514522 0.010741 0.019208
2 0.475904 0.559021 0.020547 0.032664
2 0.498649 0.541001 0.013284 0.022992
2 0.510490 0.529458 0.009984 0.018037
2 0.522873 0.519902 0.008942 0.016367
