1 0.879760 0.769563 0.086170 0.125483
0 0.118232 0.787109 0.077262 0.110677
3 0.812626 0.674355 0.071232 0.131301
3 0.190030 0.698864 0.070721 0.133079
0 0.239549 0.661962 0.037148 0.062500
1 0.819510 0.622481 0.031518 0.060904
1 0.894444 0.574475 0.031860 0.046342
0 0.228274 0.604015 0.024807 0.039466
0 0.135953 0.579786 0.025207 0.030968
0 0.650721 0.564045 0.019968 0.032056
0 0.829870 0.534807 0.016710 0.024900
0 0.989052 0.518150 0.014960 0.021598
1 0.994414 0.545891 0.011172 0.033902
1 0.422396 0.569993 0.018567 0.030376
1 0.260726 0.553245 0.016123 0.026795
1 0.130671 0.553529 0.014799 0.020540
2 0.521026 0.520307 0.011442 0.017985
2 0.556352 0.518166 0.008906 0.015039
2 0.632050 0.544057 0.015620 0.023672
2 0.619214 0.532035 0.011953 0.020410
2 0.605918 0.525048 0.010794 0.017543
2 0.590673 0.517418 0.009310 0.014179
2 0.444490 0.548647 0.014214 0.024860
2 0.462804 0.538779 0.011433 0.018693
2 0.472781 0.530769 0.009698 0.016814
2 0.483525 0.523373 0.008281 0.014766
