0 0.109466 0.819537 0.069808 0.120083
0 0.184373 0.653993 0.037448 0.057446
0 0.105659 0.599492 0.028554 0.039781
0 0.783183 0.595216 0.029758 0.046875
0 0.983485 0.549189 0.020128 0.033528
1 0.465757 0.595418 0.025909 0.041139
1 0.272518 0.564169 0.020480 0.028377
1 0.127921 0.561137 0.018318 0.024338
2 0.584555 0.517265 0.011442 0.018804
2 0.623255 0.516883 0.011340 0.017150
2 0.731979 0.549606 0.017605 0.030229
2 0.706913 0.534388 0.013612 0.022895
2 0.684474 0.524864 0.011464 0.019914
2 0.664339 0.513237 0.010741 0.019208
2 0.496697 0.560437 0.020547 0.032664
2 0.519172 0.542364 0.013219 0.024181
2 0.532722 0.527252 0.009984 0.018037
2 0.545432 0.517044 0.009170 0.015116
