1 0.796377 0.728762 0.067395 0.097548
3 0.944570 0.816501 0.110859 0.235163
3 0.030294 0.816000 0.058163 0.167157
0 0.145934 0.743246 0.067607 0.097302
3 0.752662 0.651713 0.061864 0.116577
3 0.205663 0.664502 0.058987 0.116113
0 0.247356 0.636720 0.037148 0.062500
1 0.771693 0.616515 0.031518 0.053698
1 0.852611 0.571458 0.026217 0.041228
0 0.229672 0.590740 0.024807 0.039466
0 0.140200 0.571305 0.025538 0.033092
0 0.627656 0.565329 0.019968 0.032056
0 0.801514 0.540070 0.016710 0.024900
0 0.010972 0.566852 0.014565 0.022934
0 0.956808 0.519492 0.013595 0.020537
1 0.958890 0.545144 0.018638 0.030629
1 0.410536 0.562770 0.018331 0.028814
1 0.253876 0.549686 0.015074 0.021289
1 0.127562 0.552356 0.014161 0.019542
2 0.509903 0.516768 0.011442 0.017985
2 0.541704 0.516440 0.008906 0.015039
2 0.612621 0.538043 0.015620 0.023672
2 0.601996 0.527629 0.011953 0.020410
2 0.589079 0.520650 0.010234 0.016025
2 0.575088 0.515093 0.009297 0.013965
2 0.432823 0.551732 0.015341 0.023415
2 0.451185 0.539128 0.011433 0.018693
2 0.461440 0.533028 0.009151 0.016251
2 0.472404 0.526471 0.008316 0.014857
