0 0.173064 0.694534 0.047985 0.072873
0 0.119031 0.601800 0.031564 0.045998
0 0.936005 0.625074 0.038963 0.054963
1 0.535293 0.612473 0.032368 0.051150
1 0.316001 0.561181 0.022080 0.032944
1 0.168531 0.551943 0.018318 0.024338
2 0.663566 0.509476 0.011511 0.019316
2 0.705097 0.508526 0.012518 0.019003
2 0.845383 0.559323 0.020449 0.035123
2 0.804486 0.530295 0.015531 0.028781
2 0.776317 0.515716 0.011982 0.020378
2 0.748418 0.505882 0.010976 0.019576
2 0.568783 0.565447 0.024062 0.035160
2 0.594198 0.537687 0.014275 0.025118
2 0.605643 0.524053 0.010560 0.020225
2 0.617593 0.511266 0.009904 0.019730
