0 0.159161 0.809416 0.089490 0.125309
0 0.187339 0.627940 0.037758 0.051659
1 0.724050 0.675258 0.046589 0.078141
1 0.436803 0.576490 0.025896 0.037745
1 0.275660 0.558648 0.023215 0.031886
2 0.840565 0.516440 0.012329 0.022128
2 0.888660 0.516307 0.014368 0.021242
2 0.982877 0.527593 0.015147 0.024410
2 0.941490 0.512558 0.011551 0.020934
2 0.751025 0.587870 0.028158 0.045010
2 0.770616 0.548950 0.017611 0.029408
2 0.778679 0.526769 0.012956 0.023335
2 0.787644 0.510619 0.009904 0.019730
0 0.081210 0.588682 0.026285 0.036180
1 0.066493 0.554479 0.017940 0.027431
