0 0.032031 0.909180 0.064062 0.113281
3 0.899563 0.733766 0.091730 0.167233
3 0.106977 0.769316 0.092818 0.173398
0 0.184153 0.706013 0.045943 0.072266
1 0.870147 0.656787 0.040206 0.075619
1 0.937197 0.590490 0.033166 0.053395
0 0.186188 0.623212 0.030634 0.052485
0 0.095490 0.594966 0.025207 0.031915
0 0.659693 0.580124 0.022802 0.035581
0 0.843431 0.544771 0.015997 0.029187
1 0.405806 0.584535 0.022930 0.033531
1 0.231465 0.561746 0.017182 0.025762
1 0.092257 0.560308 0.016001 0.022453
2 0.511513 0.522111 0.011442 0.017985
2 0.545936 0.522170 0.010471 0.016123
2 0.631039 0.548549 0.015620 0.027288
2 0.615506 0.533388 0.011953 0.020410
2 0.600421 0.524355 0.011913 0.018702
2 0.582055 0.520310 0.009324 0.014393
2 0.430216 0.559462 0.014534 0.025817
2 0.449166 0.540557 0.011433 0.020825
2 0.460783 0.531696 0.009984 0.017008
2 0.472725 0.522902 0.008281 0.014766
