0 0.144262 0.746968 0.068176 0.095234
0 0.122407 0.619980 0.033193 0.048983
1 0.600419 0.642040 0.039821 0.064806
1 0.350237 0.570394 0.024262 0.035109
1 0.193060 0.558875 0.018629 0.026988
2 0.726265 0.511113 0.011803 0.021239
2 0.770978 0.510204 0.012518 0.019467
2 0.949989 0.569686 0.024197 0.040346
2 0.892389 0.538309 0.016209 0.029517
2 0.853810 0.522605 0.013773 0.023491
2 0.816999 0.512170 0.011463 0.019754
2 0.635444 0.572392 0.025033 0.039639
2 0.655747 0.540994 0.016739 0.027220
2 0.667267 0.525406 0.010560 0.021131
2 0.677875 0.511344 0.009904 0.019730
0 0.009766 0.593139 0.019531 0.035528
