0 0.174160 0.685400 0.047985 0.072873
0 0.116595 0.602772 0.031564 0.045998
0 0.915843 0.616942 0.036364 0.055461
1 0.524551 0.606297 0.032368 0.048185
1 0.311857 0.562074 0.021643 0.031698
1 0.163598 0.553705 0.018318 0.024338
2 0.652791 0.511419 0.011442 0.018782
2 0.694228 0.511082 0.012518 0.018683
2 0.829642 0.557133 0.020274 0.034452
2 0.791554 0.531065 0.015062 0.028292
2 0.762997 0.518039 0.011982 0.020378
2 0.737875 0.505992 0.010835 0.019355
2 0.559503 0.561354 0.024062 0.034328
2 0.584388 0.536416 0.014275 0.024980
2 0.594812 0.524327 0.010560 0.019319
2 0.606508 0.511538 0.009744 0.018847
