0 0.060446 0.973633 0.066608 0.052734
0 0.256909 0.655462 0.040504 0.061971
1 0.974638 0.787851 0.050724 0.126647
1 0.571428 0.587914 0.033482 0.044079
1 0.397682 0.556173 0.023215 0.031886
2 0.978998 0.623257 0.036444 0.059263
2 0.979058 0.564211 0.024696 0.036626
2 0.974726 0.539282 0.015331 0.026996
2 0.977711 0.516058 0.011667 0.020954
0 0.175779 0.590505 0.026285 0.036180
1 0.180935 0.545626 0.017940 0.027431
0 0.068723 0.572990 0.020841 0.029791
1 0.020815 0.547975 0.014941 0.024896
