1 0.958139 0.832036 0.075687 0.151285
0 0.071310 0.845581 0.094182 0.133057
3 0.874945 0.705737 0.084138 0.155212
3 0.165114 0.729247 0.081752 0.152089
0 0.227589 0.680371 0.039784 0.064658
1 0.861554 0.640419 0.036788 0.063702
1 0.932618 0.588399 0.031860 0.046342
0 0.223717 0.606912 0.024807 0.041949
0 0.132187 0.580082 0.025207 0.031915
0 0.669597 0.574148 0.021875 0.033947
0 0.853495 0.537831 0.017318 0.029187
1 0.426662 0.572425 0.020306 0.032011
1 0.259920 0.554873 0.016389 0.025762
1 0.125573 0.557861 0.015868 0.021450
2 0.531140 0.522118 0.011442 0.017985
2 0.564830 0.521905 0.009411 0.015559
2 0.648125 0.542834 0.015620 0.026096
2 0.631518 0.531549 0.011953 0.020410
2 0.617706 0.522627 0.011913 0.018702
2 0.601117 0.517164 0.009324 0.014393
2 0.451265 0.553472 0.014214 0.024860
2 0.471932 0.536762 0.011433 0.020213
2 0.481339 0.528032 0.009984 0.017008
2 0.492563 0.520534 0.008281 0.014766
