0 0.150743 0.736958 0.068176 0.091410
0 0.121637 0.623327 0.031972 0.046670
1 0.579084 0.636964 0.039332 0.060072
1 0.340530 0.575154 0.023975 0.034519
1 0.185998 0.565495 0.018629 0.025491
2 0.708414 0.515350 0.011803 0.020521
2 0.752657 0.515106 0.012518 0.019109
2 0.918991 0.570945 0.023294 0.040346
2 0.865800 0.540253 0.016209 0.029517
2 0.829729 0.525813 0.012896 0.022671
2 0.796934 0.514163 0.010976 0.019576
2 0.614739 0.574571 0.024709 0.038146
2 0.637837 0.545603 0.016451 0.027248
2 0.648262 0.529174 0.010560 0.021131
2 0.659410 0.516090 0.009904 0.019730
0 0.007422 0.598508 0.014844 0.035202
