0 0.149283 0.784597 0.079612 0.114479
0 0.154451 0.630370 0.034415 0.051296
1 0.660219 0.655538 0.044406 0.074748
1 0.390466 0.569439 0.024406 0.035404
1 0.233705 0.554029 0.023215 0.031886
2 0.781897 0.515159 0.012096 0.020521
2 0.828294 0.514321 0.014368 0.021242
2 0.959200 0.544068 0.016684 0.029722
2 0.915887 0.525401 0.013972 0.024410
2 0.877855 0.513695 0.011463 0.019754
2 0.689852 0.577434 0.025033 0.043540
2 0.711691 0.546746 0.017611 0.029408
2 0.722637 0.528037 0.012113 0.022119
2 0.731960 0.513063 0.009904 0.019730
0 0.040672 0.589270 0.025990 0.036180
1 0.022033 0.558186 0.017940 0.027431
