1 0.868351 0.766774 0.084293 0.122733
0 0.118960 0.783203 0.076810 0.110026
3 0.805982 0.671917 0.070066 0.129860
3 0.189334 0.697257 0.069574 0.131574
0 0.235490 0.661539 0.037148 0.062500
1 0.810114 0.627131 0.031518 0.060904
1 0.887983 0.581326 0.031860 0.046342
0 0.225636 0.605030 0.024807 0.039466
0 0.133697 0.581196 0.025207 0.030968
0 0.645881 0.567767 0.019968 0.032056
0 0.823616 0.539904 0.016710 0.024900
0 0.982364 0.524471 0.014960 0.021598
1 0.990988 0.551601 0.018024 0.033902
1 0.417874 0.573742 0.018331 0.029811
1 0.257296 0.553837 0.015990 0.026641
1 0.127272 0.553801 0.014799 0.020540
2 0.518219 0.524691 0.011442 0.017985
2 0.552383 0.519798 0.008906 0.015039
2 0.627556 0.544619 0.015620 0.023672
2 0.615374 0.532834 0.011953 0.020410
2 0.600917 0.527037 0.010234 0.016964
2 0.586387 0.518848 0.009304 0.014072
2 0.440893 0.550187 0.014496 0.024499
2 0.459531 0.539290 0.011433 0.018693
2 0.469305 0.531550 0.009412 0.016620
2 0.480270 0.523862 0.008281 0.014766
