0 0.154985 0.794915 0.081137 0.117519
0 0.173321 0.627977 0.035752 0.051441
1 0.698758 0.667024 0.046589 0.075877
1 0.417521 0.576490 0.025896 0.037745
1 0.261284 0.555845 0.023215 0.031886
2 0.818147 0.510262 0.012291 0.021413
2 0.865022 0.512086 0.014368 0.021242
2 0.992762 0.542848 0.014477 0.032961
2 0.958407 0.525782 0.014677 0.024410
2 0.917446 0.511109 0.011463 0.019754
2 0.727181 0.582730 0.026769 0.043540
2 0.748047 0.545287 0.017611 0.029408
2 0.756308 0.525958 0.012745 0.023031
2 0.764501 0.509979 0.009904 0.019730
0 0.065131 0.588584 0.026285 0.036180
1 0.049314 0.555380 0.017940 0.027431
