0 0.132011 0.911135 0.103070 0.143899
0 0.231164 0.641267 0.037733 0.054525
1 0.859671 0.734628 0.057336 0.100839
1 0.515538 0.584068 0.029274 0.041581
1 0.348930 0.555930 0.023215 0.031886
2 0.953608 0.518324 0.014658 0.023576
2 0.873083 0.606773 0.032080 0.050111
2 0.885711 0.558396 0.020903 0.033147
2 0.890974 0.532773 0.013053 0.023313
2 0.897290 0.515131 0.009725 0.020747
0 0.137827 0.588207 0.026285 0.036180
1 0.136289 0.549843 0.017940 0.027431
0 0.025570 0.574400 0.020841 0.029791
