0 0.147292 0.741785 0.068176 0.093959
0 0.122150 0.621096 0.032786 0.048212
1 0.592075 0.643731 0.039821 0.064806
1 0.345887 0.572634 0.024119 0.034814
1 0.189867 0.559390 0.018629 0.026489
2 0.718130 0.517478 0.011803 0.022674
2 0.763289 0.517152 0.012518 0.019109
2 0.938453 0.570638 0.023745 0.040346
2 0.881687 0.538472 0.016209 0.029517
2 0.844486 0.522450 0.013188 0.022944
2 0.809658 0.511943 0.011463 0.019754
2 0.625440 0.576848 0.025033 0.039639
2 0.647369 0.548266 0.016451 0.027248
2 0.659567 0.526051 0.010560 0.021131
2 0.670293 0.512350 0.009904 0.019730
0 0.008008 0.592210 0.016016 0.035202
