0 0.173181 0.697086 0.048950 0.073859
0 0.123729 0.609222 0.031564 0.045998
0 0.954634 0.623712 0.041911 0.058507
1 0.544062 0.614948 0.032368 0.054115
1 0.321131 0.567337 0.022400 0.033475
1 0.171522 0.555511 0.018318 0.024338
2 0.672301 0.512145 0.011649 0.020384
2 0.714345 0.510672 0.012518 0.023297
2 0.858348 0.557487 0.022366 0.039324
2 0.814927 0.532945 0.015531 0.028781
2 0.785338 0.519325 0.011982 0.020378
2 0.757276 0.509718 0.010976 0.019576
2 0.577387 0.563216 0.024062 0.035160
2 0.601865 0.538178 0.014275 0.025396
2 0.614026 0.524237 0.010560 0.021131
2 0.626599 0.511691 0.009904 0.019730
0 0.006589 0.585482 0.013178 0.033448
