1 0.966255 0.847027 0.064812 0.155937
0 0.056641 0.859863 0.099219 0.139648
3 0.881609 0.711937 0.085740 0.158994
3 0.154711 0.735869 0.084328 0.157285
0 0.221409 0.683594 0.045943 0.072266
1 0.863989 0.647523 0.036788 0.063702
1 0.937612 0.583791 0.031860 0.046342
0 0.215886 0.609114 0.024807 0.041949
0 0.124575 0.581844 0.025207 0.031915
0 0.670345 0.569835 0.021875 0.033947
0 0.852625 0.537559 0.017318 0.029187
1 0.424773 0.573180 0.020766 0.033078
1 0.252328 0.559601 0.016389 0.025762
1 0.117384 0.558061 0.016001 0.021564
2 0.528245 0.519408 0.011442 0.017985
2 0.561168 0.523203 0.009820 0.015805
2 0.644022 0.549943 0.015620 0.026891
2 0.628139 0.535998 0.011953 0.020410
2 0.612317 0.529203 0.011913 0.018702
2 0.597341 0.520940 0.009324 0.014393
2 0.448107 0.550794 0.014294 0.025099
2 0.468017 0.536379 0.011433 0.020825
2 0.476920 0.532712 0.009984 0.017008
2 0.488014 0.524287 0.008281 0.014766
