3 0.933326 0.765435 0.101694 0.192957
3 0.053999 0.810710 0.096094 0.191081
0 0.143550 0.731347 0.048357 0.079763
1 0.885150 0.672427 0.040206 0.075619
1 0.941633 0.598827 0.033166 0.053395
0 0.156227 0.632862 0.030634 0.052485
0 0.063975 0.599648 0.025207 0.034500
0 0.652238 0.586967 0.022802 0.039169
0 0.836783 0.548592 0.015997 0.029187
1 0.388511 0.591185 0.022930 0.035579
1 0.208296 0.566551 0.018899 0.025713
1 0.067159 0.563822 0.016001 0.022750
2 0.495780 0.528830 0.011442 0.017985
2 0.532206 0.529012 0.010471 0.016123
2 0.621281 0.555653 0.015620 0.027288
2 0.603856 0.541195 0.013197 0.022274
2 0.587635 0.532194 0.011913 0.019851
2 0.568352 0.525904 0.009566 0.014980
2 0.413205 0.566223 0.015513 0.026978
2 0.433371 0.544938 0.011433 0.020825
2 0.445451 0.540481 0.009984 0.017008
2 0.456754 0.531068 0.008281 0.014766
