0 0.110597 0.840244 0.084193 0.120083
0 0.199662 0.652913 0.037448 0.061369
0 0.120180 0.597098 0.028554 0.039781
0 0.814771 0.598668 0.029758 0.046875
1 0.487688 0.595520 0.025909 0.041139
1 0.289672 0.560919 0.020480 0.028377
1 0.148061 0.556023 0.018318 0.024338
2 0.608194 0.516086 0.011442 0.017985
2 0.647271 0.514800 0.011340 0.017150
2 0.760490 0.552742 0.017792 0.030419
2 0.733016 0.533879 0.013612 0.022895
2 0.709009 0.522332 0.011464 0.019914
2 0.686716 0.514869 0.010741 0.019208
2 0.517393 0.560301 0.020547 0.032664
2 0.541574 0.537826 0.013895 0.024181
2 0.551556 0.527252 0.009984 0.018037
2 0.564728 0.516546 0.009170 0.015116
