0 0.171152 0.703175 0.048950 0.073859
0 0.123729 0.610952 0.031564 0.045931
0 0.964901 0.632712 0.043559 0.062300
1 0.549023 0.621432 0.032368 0.054115
1 0.324681 0.567090 0.022750 0.033707
1 0.174513 0.559080 0.018318 0.024338
2 0.675800 0.515057 0.011713 0.019646
2 0.720094 0.511484 0.012518 0.020505
2 0.863622 0.563420 0.022441 0.038640
2 0.823375 0.537007 0.015870 0.029149
2 0.791363 0.520395 0.012586 0.021710
2 0.762617 0.509716 0.010976 0.019576
2 0.583375 0.567430 0.024062 0.035160
2 0.608644 0.542557 0.014344 0.025963
2 0.621343 0.524473 0.010560 0.021131
2 0.633727 0.511691 0.009904 0.019730
0 0.008373 0.585482 0.016745 0.033448
