0 0.095646 0.940047 0.103070 0.119906
0 0.244965 0.650097 0.038657 0.057243
1 0.946689 0.773310 0.066725 0.119862
1 0.545759 0.585473 0.033482 0.044079
1 0.375576 0.555318 0.023215 0.031886
2 0.996879 0.514343 0.006242 0.024049
2 0.936465 0.619089 0.036444 0.056538
2 0.942038 0.558671 0.021781 0.033147
2 0.942185 0.535021 0.015331 0.026996
2 0.945762 0.513171 0.010502 0.020830
0 0.159828 0.589599 0.026285 0.036180
1 0.163808 0.546429 0.017940 0.027431
0 0.048603 0.573670 0.020841 0.029791
