0 0.147292 0.741147 0.068176 0.092684
0 0.122022 0.621654 0.032582 0.047826
1 0.588340 0.641678 0.039821 0.063228
1 0.343712 0.573754 0.024047 0.034666
1 0.188271 0.559648 0.018629 0.026240
2 0.714949 0.517019 0.011803 0.021598
2 0.760788 0.512122 0.012518 0.019109
2 0.932685 0.571114 0.023520 0.040346
2 0.876336 0.538554 0.016209 0.029517
2 0.839824 0.522372 0.012896 0.022671
2 0.805987 0.511830 0.011463 0.019754
2 0.622684 0.575742 0.025033 0.039639
2 0.645098 0.547190 0.016451 0.027248
2 0.656286 0.526979 0.010560 0.021131
2 0.667266 0.513498 0.009904 0.019730
0 0.007422 0.593796 0.014844 0.035202
