3 0.975391 0.830566 0.049219 0.149414
0 0.117188 0.758600 0.056159 0.092679
1 0.940336 0.689848 0.049017 0.080682
1 0.982499 0.601636 0.029083 0.053395
0 0.144918 0.638789 0.030634 0.052485
0 0.057270 0.598865 0.025207 0.038160
0 0.670450 0.585464 0.024506 0.039169
0 0.860305 0.545831 0.015997 0.029187
1 0.390884 0.590409 0.022930 0.036284
1 0.210005 0.567679 0.020480 0.026850
1 0.067062 0.565567 0.016332 0.022670
2 0.506357 0.523180 0.011442 0.017985
2 0.542088 0.522893 0.010471 0.016123
2 0.637873 0.551917 0.015841 0.027536
2 0.617672 0.535601 0.013612 0.022895
2 0.598993 0.527526 0.011913 0.020343
2 0.579309 0.521607 0.010531 0.015141
2 0.420335 0.561132 0.015733 0.027666
2 0.441036 0.545040 0.011784 0.021232
2 0.451108 0.536285 0.009984 0.017008
2 0.464011 0.527120 0.008281 0.014766
