0 0.154985 0.805521 0.081137 0.117519
0 0.182193 0.627360 0.037089 0.051587
1 0.715210 0.672473 0.046589 0.077009
1 0.430376 0.576490 0.025896 0.037745
1 0.270868 0.557714 0.023215 0.031886
2 0.832462 0.514910 0.012291 0.022007
2 0.880780 0.514900 0.014368 0.021242
2 0.974851 0.528816 0.015147 0.024410
2 0.932672 0.513013 0.011463 0.019754
2 0.741998 0.587590 0.028505 0.043540
2 0.762495 0.547049 0.017611 0.029408
2 0.770704 0.526542 0.012956 0.023335
2 0.779193 0.510478 0.009904 0.019730
0 0.075161 0.588021 0.026285 0.036180
1 0.060457 0.554937 0.017940 0.027431
