0 0.143496 0.775101 0.072704 0.108665
0 0.135693 0.623151 0.034211 0.050911
1 0.628558 0.648554 0.040621 0.067743
1 0.369663 0.570815 0.024406 0.035404
1 0.211767 0.556276 0.020216 0.028567
2 0.753257 0.512492 0.011761 0.020521
2 0.799859 0.511890 0.013905 0.020888
2 0.988019 0.571758 0.023962 0.040346
2 0.926044 0.537524 0.016446 0.029517
2 0.882711 0.523278 0.014068 0.024317
2 0.848443 0.507547 0.011463 0.019754
2 0.662641 0.575959 0.025033 0.039639
2 0.684041 0.542782 0.017126 0.027940
2 0.692563 0.527308 0.010948 0.021378
2 0.703331 0.512718 0.009904 0.019730
0 0.020844 0.591149 0.025990 0.036180
