0 0.150000 0.770020 0.076563 0.108398
0 0.144962 0.624281 0.034415 0.051296
1 0.644514 0.652043 0.042223 0.073618
1 0.381630 0.572900 0.024406 0.035404
1 0.222924 0.558441 0.021716 0.030226
2 0.767213 0.510542 0.011901 0.020521
2 0.814742 0.509984 0.014368 0.021242
2 0.993797 0.576516 0.012406 0.040346
2 0.942997 0.538041 0.016605 0.029517
2 0.899339 0.520768 0.013972 0.024410
2 0.862922 0.507207 0.011463 0.019754
2 0.676638 0.579307 0.025033 0.041589
2 0.699788 0.542048 0.017611 0.029408
2 0.707809 0.528845 0.011725 0.021872
2 0.717809 0.514332 0.009904 0.019730
0 0.031904 0.588661 0.025990 0.036180
1 0.010766 0.557655 0.017940 0.027431
