3 0.928493 0.759978 0.099552 0.188883
3 0.060341 0.806966 0.096875 0.186849
0 0.148827 0.721706 0.048357 0.079763
1 0.881767 0.668410 0.040206 0.075619
1 0.940328 0.597196 0.033166 0.053395
0 0.160625 0.628633 0.030634 0.052485
0 0.067401 0.592306 0.025207 0.034500
0 0.651667 0.578779 0.022802 0.038272
0 0.838350 0.543943 0.015997 0.029187
1 0.389216 0.585019 0.022930 0.035579
1 0.212112 0.564109 0.018855 0.025730
1 0.070617 0.563537 0.016001 0.022750
2 0.496700 0.524149 0.011442 0.017985
2 0.533134 0.522689 0.010471 0.016123
2 0.621403 0.550220 0.015620 0.027288
2 0.604325 0.535575 0.012782 0.021653
2 0.586969 0.527006 0.011913 0.019564
2 0.570208 0.519841 0.009566 0.014980
2 0.414921 0.557355 0.015513 0.026688
2 0.435089 0.542591 0.011433 0.020825
2 0.446313 0.534141 0.009984 0.017008
2 0.456956 0.524275 0.008281 0.014766
