0 0.052022 0.925562 0.104044 0.148876
0 0.192590 0.668503 0.047985 0.072873
0 0.127085 0.599926 0.031564 0.045998
0 0.876989 0.609765 0.031959 0.051538
1 0.515206 0.601212 0.032368 0.048185
1 0.306104 0.560205 0.020480 0.028377
1 0.160093 0.555575 0.018318 0.024338
2 0.641239 0.514795 0.011442 0.018782
2 0.679396 0.509552 0.012518 0.018683
2 0.804436 0.552450 0.019856 0.034098
2 0.771443 0.530014 0.015359 0.028533
2 0.746016 0.517867 0.011982 0.020378
2 0.721112 0.509498 0.010741 0.019208
2 0.547930 0.561608 0.020547 0.032664
2 0.570039 0.537386 0.013895 0.024181
2 0.582259 0.525408 0.010560 0.019319
2 0.594674 0.514513 0.009263 0.016196
