0 0.048324 0.932802 0.096648 0.134396
0 0.188530 0.671294 0.047985 0.072873
0 0.123053 0.601071 0.031564 0.045998
0 0.884068 0.611717 0.033427 0.052845
1 0.517049 0.603202 0.032368 0.048185
1 0.306671 0.560398 0.020625 0.028792
1 0.159617 0.555539 0.018318 0.024338
2 0.641201 0.509674 0.011442 0.018782
2 0.681245 0.508405 0.012518 0.018683
2 0.809645 0.552324 0.020274 0.034452
2 0.774277 0.529733 0.015103 0.028035
2 0.748282 0.517867 0.011982 0.020378
2 0.722417 0.508275 0.010741 0.019208
2 0.548809 0.561608 0.022305 0.032664
2 0.571534 0.535177 0.013895 0.024181
2 0.583392 0.523579 0.010560 0.019319
2 0.595854 0.512920 0.009263 0.016196
