1 0.764309 0.704866 0.060755 0.088867
3 0.891242 0.773362 0.104889 0.206450
3 0.057627 0.765008 0.091017 0.172936
0 0.174003 0.714858 0.058982 0.085496
3 0.731065 0.636867 0.055274 0.109079
3 0.229178 0.652460 0.054325 0.104960
0 0.257667 0.629007 0.037148 0.062500
1 0.754046 0.603602 0.031518 0.047962
1 0.840558 0.566248 0.026217 0.041228
0 0.242076 0.583678 0.024807 0.039466
0 0.154163 0.568709 0.022439 0.031727
0 0.626377 0.557694 0.019968 0.032056
0 0.797910 0.532538 0.016710 0.024900
0 0.030467 0.565051 0.014565 0.022934
0 0.952543 0.518744 0.013595 0.020208
1 0.950664 0.543603 0.018452 0.029143
1 0.417281 0.560033 0.018331 0.028814
1 0.265393 0.549321 0.015074 0.021289
1 0.138394 0.547911 0.014161 0.019542
2 0.514631 0.516890 0.011442 0.017985
2 0.545839 0.516228 0.008906 0.015039
2 0.614020 0.535830 0.015620 0.023672
2 0.603308 0.526113 0.011953 0.020410
2 0.591985 0.519439 0.010234 0.016025
2 0.580469 0.516903 0.009297 0.013965
2 0.438619 0.542063 0.015341 0.023415
2 0.456486 0.530925 0.011433 0.018693
2 0.465996 0.524179 0.008523 0.015547
2 0.477344 0.517831 0.007812 0.013398
