0 0.178072 0.869469 0.103070 0.143899
0 0.243989 0.630376 0.037733 0.053722
1 0.833894 0.715174 0.055389 0.090505
1 0.514524 0.583872 0.027304 0.039933
1 0.349438 0.559242 0.023215 0.031886
2 0.941051 0.518806 0.013636 0.023576
2 0.994506 0.515558 0.010989 0.023304
2 0.853323 0.601229 0.031374 0.050111
2 0.870946 0.553104 0.018755 0.032063
2 0.875110 0.535322 0.013053 0.023313
2 0.883967 0.518685 0.009815 0.020239
0 0.146228 0.586043 0.026285 0.036180
1 0.143494 0.548871 0.017940 0.027431
0 0.035381 0.573972 0.020841 0.029791
