0 0.157949 0.816992 0.089490 0.125309
0 0.192486 0.628520 0.038427 0.051732
1 0.732891 0.678043 0.046589 0.079273
1 0.443230 0.576490 0.025896 0.037745
1 0.282786 0.557670 0.023215 0.031886
2 0.848667 0.517971 0.012366 0.022249
2 0.896539 0.517714 0.014368 0.021242
2 0.992155 0.530773 0.013342 0.024410
2 0.950308 0.512102 0.011639 0.022114
2 0.760053 0.588149 0.027811 0.046481
2 0.779307 0.548394 0.017593 0.030293
2 0.786655 0.526995 0.012956 0.023335
2 0.796095 0.510761 0.009904 0.019730
0 0.087259 0.589343 0.026285 0.036180
1 0.072529 0.554020 0.017940 0.027431
