0 0.172832 0.710187 0.055667 0.085137
0 0.128905 0.615046 0.031564 0.045898
0 0.989170 0.642088 0.021659 0.067383
1 0.566029 0.626001 0.033001 0.057550
1 0.335471 0.568982 0.023450 0.034171
1 0.185998 0.558644 0.018629 0.025491
2 0.694031 0.516810 0.011770 0.019810
2 0.736858 0.513988 0.012518 0.019109
2 0.889700 0.564045 0.022479 0.038299
2 0.843387 0.538476 0.016209 0.029517
2 0.812215 0.525156 0.012854 0.022845
2 0.782695 0.515589 0.010976 0.019576
2 0.601229 0.571835 0.024062 0.035160
2 0.623078 0.546146 0.014553 0.027248
2 0.634586 0.526217 0.010560 0.021131
2 0.646676 0.513330 0.009904 0.019730
0 0.009987 0.587385 0.019974 0.033448
