0 0.154581 0.791380 0.081137 0.117519
0 0.169594 0.629174 0.035083 0.051369
1 0.691147 0.664360 0.046589 0.075877
1 0.412110 0.575079 0.025598 0.037277
1 0.256491 0.554910 0.023215 0.031886
2 0.811091 0.509850 0.012291 0.021116
2 0.858473 0.511327 0.014368 0.021242
2 0.992762 0.542848 0.014477 0.032961
2 0.950185 0.524264 0.014442 0.024410
2 0.909833 0.510158 0.011463 0.019754
2 0.719773 0.583019 0.025901 0.043540
2 0.741721 0.545425 0.017611 0.029408
2 0.749888 0.525600 0.012535 0.022727
2 0.758261 0.509622 0.009904 0.019730
0 0.061151 0.589807 0.026285 0.036180
1 0.044209 0.555364 0.017940 0.027431
