1 0.836290 0.756963 0.078660 0.114483
3 0.993355 0.828069 0.013290 0.088868
0 0.121146 0.771484 0.075452 0.108073
3 0.786051 0.664602 0.066569 0.125538
3 0.187247 0.692436 0.066131 0.127059
0 0.232318 0.659282 0.037148 0.062500
1 0.791093 0.628818 0.031518 0.053698
1 0.866877 0.580238 0.026217 0.041228
0 0.219751 0.601308 0.024807 0.039466
0 0.126694 0.582275 0.025538 0.033092
0 0.631362 0.569958 0.019968 0.032056
0 0.808426 0.541757 0.016710 0.024900
0 0.964769 0.527514 0.013595 0.020537
1 0.973557 0.552531 0.022250 0.033902
1 0.407958 0.574067 0.018331 0.029811
1 0.246892 0.558987 0.015591 0.026178
1 0.118890 0.555770 0.014587 0.020207
2 0.508175 0.526282 0.011442 0.017985
2 0.540932 0.525276 0.008906 0.015039
2 0.614713 0.547804 0.015620 0.023672
2 0.605220 0.535633 0.011953 0.020410
2 0.590504 0.527938 0.010234 0.016260
2 0.576346 0.522345 0.009297 0.013965
2 0.430099 0.554807 0.015341 0.023415
2 0.451493 0.541169 0.011433 0.018693
2 0.461180 0.534186 0.009126 0.016426
2 0.472679 0.525576 0.008281 0.014766
