1 0.910833 0.785809 0.091803 0.133733
0 0.116046 0.798828 0.078619 0.112630
3 0.832356 0.683254 0.075133 0.137887
3 0.192117 0.703685 0.074164 0.137594
0 0.245492 0.666274 0.037148 0.062500
1 0.838637 0.632437 0.036788 0.063702
1 0.913657 0.580818 0.031860 0.046342
0 0.235490 0.601609 0.024807 0.039466
0 0.144437 0.576491 0.025207 0.031915
0 0.665361 0.564663 0.020608 0.032456
0 0.846705 0.536276 0.016710 0.024900
1 0.432035 0.568598 0.020306 0.032011
1 0.267950 0.552535 0.016389 0.026936
1 0.136408 0.553636 0.014933 0.020654
2 0.534663 0.518574 0.011442 0.017985
2 0.567935 0.516433 0.008906 0.015039
2 0.644989 0.540068 0.015620 0.024278
2 0.631157 0.528451 0.011953 0.020410
2 0.617476 0.521318 0.011913 0.018702
2 0.601038 0.514913 0.009324 0.014393
2 0.454278 0.548034 0.014214 0.024860
2 0.472842 0.536563 0.011433 0.018693
2 0.483864 0.527628 0.009984 0.017008
2 0.494592 0.520458 0.008281 0.014766
