3 0.959623 0.782573 0.080753 0.208292
3 0.033984 0.861572 0.067969 0.188965
0 0.122845 0.744458 0.056159 0.092679
1 0.911860 0.680568 0.040206 0.075619
1 0.957843 0.596595 0.033166 0.053395
0 0.145412 0.633025 0.030634 0.052485
0 0.053943 0.597596 0.025207 0.038160
0 0.657741 0.581858 0.024222 0.039169
0 0.845758 0.543474 0.015997 0.029187
1 0.386371 0.586886 0.022930 0.035579
1 0.201481 0.567001 0.019882 0.026383
1 0.059153 0.565280 0.016001 0.022750
2 0.495268 0.524167 0.011442 0.017985
2 0.532918 0.521288 0.010471 0.016123
2 0.625965 0.548621 0.015620 0.027288
2 0.605538 0.534201 0.013612 0.022895
2 0.585729 0.528205 0.011913 0.020138
2 0.567618 0.522491 0.010531 0.015141
2 0.412170 0.558066 0.015513 0.026978
2 0.434692 0.542154 0.011433 0.020825
2 0.442596 0.536164 0.009984 0.017008
2 0.454770 0.526209 0.008281 0.014766
