3 0.918829 0.749062 0.095266 0.180736
3 0.074794 0.795951 0.097656 0.182396
0 0.166506 0.714257 0.045943 0.072266
1 0.877800 0.662445 0.040206 0.075619
1 0.939362 0.590490 0.033166 0.053395
0 0.173352 0.622491 0.030634 0.052485
0 0.081476 0.591812 0.025207 0.034500
0 0.657424 0.575592 0.022802 0.036478
0 0.842283 0.542282 0.015997 0.029187
1 0.398298 0.580007 0.022930 0.033877
1 0.221866 0.561388 0.018768 0.025762
1 0.082473 0.561542 0.016001 0.022750
2 0.505310 0.521702 0.011442 0.017985
2 0.540361 0.519811 0.010471 0.016123
2 0.627812 0.546987 0.015620 0.027288
2 0.610549 0.532414 0.011953 0.020410
2 0.594448 0.523237 0.011913 0.018989
2 0.578029 0.517255 0.009566 0.014980
2 0.423639 0.555769 0.015513 0.026108
2 0.443478 0.539170 0.011433 0.020825
2 0.453323 0.531004 0.009984 0.017008
2 0.466171 0.522437 0.008281 0.014766
