0 0.124497 0.785060 0.068355 0.112267
0 0.175464 0.638564 0.033633 0.054152
0 0.091874 0.592700 0.025207 0.038160
0 0.739758 0.588757 0.027095 0.042135
0 0.935549 0.547968 0.015997 0.029187
1 0.440671 0.589887 0.024197 0.041139
1 0.250418 0.558637 0.020480 0.027868
1 0.107838 0.553888 0.018318 0.023802
2 0.558143 0.512901 0.011442 0.017985
2 0.594843 0.512331 0.010471 0.016123
2 0.695737 0.549635 0.016598 0.028636
2 0.673971 0.533452 0.013612 0.022895
2 0.654446 0.522360 0.012202 0.020501
2 0.634132 0.511232 0.010986 0.019210
2 0.470465 0.554076 0.020007 0.031981
2 0.491014 0.538309 0.013284 0.022992
2 0.503656 0.525256 0.009984 0.017780
2 0.516135 0.516305 0.009170 0.015116
