0 0.180980 0.678500 0.047985 0.072873
0 0.118569 0.597839 0.031564 0.045998
0 0.894685 0.614645 0.035630 0.054807
1 0.519814 0.606187 0.032368 0.048185
1 0.307452 0.562324 0.021061 0.030038
1 0.158903 0.555485 0.018318 0.024338
2 0.644543 0.511550 0.011442 0.018782
2 0.684711 0.509552 0.012518 0.018683
2 0.817427 0.555078 0.020274 0.034452
2 0.779854 0.530460 0.014592 0.027293
2 0.753421 0.518969 0.011982 0.020378
2 0.727474 0.506949 0.010741 0.019208
2 0.551183 0.560758 0.024062 0.032664
2 0.575083 0.537172 0.013895 0.024780
2 0.586451 0.525172 0.010560 0.019319
2 0.599167 0.513451 0.009263 0.016196
