0 0.117188 0.765872 0.056159 0.092679
1 0.976741 0.700213 0.046518 0.091860
0 0.157094 0.641139 0.033633 0.054152
0 0.070883 0.598595 0.025207 0.038160
0 0.696658 0.584836 0.027095 0.040824
0 0.890632 0.543200 0.015997 0.029187
1 0.411389 0.589905 0.024197 0.041139
1 0.225881 0.564630 0.020480 0.026850
1 0.084477 0.563108 0.017656 0.022353
2 0.526912 0.519919 0.011442 0.017985
2 0.563987 0.518529 0.010471 0.016123
2 0.660398 0.550280 0.016282 0.028030
2 0.638945 0.533289 0.013612 0.022895
2 0.620885 0.525319 0.012058 0.020525
2 0.601599 0.518260 0.011477 0.021590
2 0.440276 0.559862 0.017886 0.027928
2 0.462022 0.540897 0.011784 0.021232
2 0.472822 0.530621 0.009984 0.017008
2 0.487046 0.522046 0.008281 0.014766
