0 0.119208 0.770216 0.056159 0.092679
1 0.985547 0.700213 0.028906 0.091860
0 0.165315 0.638790 0.033633 0.054152
0 0.081830 0.596950 0.025207 0.038160
0 0.715263 0.584515 0.027095 0.044029
0 0.908305 0.541104 0.015997 0.029187
1 0.422286 0.588070 0.024197 0.041139
1 0.237329 0.564976 0.020480 0.027190
1 0.093185 0.561879 0.018318 0.022195
2 0.539000 0.516309 0.011442 0.017985
2 0.574912 0.514777 0.010471 0.016123
2 0.674240 0.550019 0.016282 0.028030
2 0.652600 0.529985 0.013612 0.022895
2 0.633743 0.520016 0.012202 0.020501
2 0.613983 0.516841 0.011477 0.020798
2 0.452777 0.554831 0.018406 0.029272
2 0.473819 0.538212 0.011784 0.021232
2 0.486145 0.526315 0.009984 0.017008
2 0.499396 0.516945 0.008873 0.014999
