0 0.032031 0.909180 0.064062 0.113281
3 0.897250 0.729052 0.090337 0.166896
3 0.114957 0.763271 0.090398 0.169120
0 0.190966 0.698965 0.045943 0.072266
1 0.869741 0.648161 0.040206 0.075619
1 0.936655 0.590490 0.033166 0.053395
0 0.192034 0.615905 0.030634 0.052485
0 0.099718 0.588271 0.025207 0.031915
0 0.661042 0.572053 0.021875 0.035581
0 0.845388 0.537673 0.015997 0.029187
1 0.409656 0.576705 0.022930 0.033531
1 0.234817 0.561496 0.016785 0.025762
1 0.096913 0.559436 0.016001 0.022157
2 0.514541 0.521856 0.011442 0.017985
2 0.548768 0.521084 0.010471 0.016123
2 0.633893 0.546869 0.015620 0.027288
2 0.618538 0.530114 0.011953 0.020410
2 0.602591 0.523250 0.011913 0.018702
2 0.584944 0.517861 0.009324 0.014393
2 0.433540 0.554743 0.014534 0.025817
2 0.452066 0.539297 0.011433 0.020825
2 0.463439 0.530695 0.009984 0.017008
2 0.475343 0.521950 0.008281 0.014766
