0 0.177296 0.829743 0.113638 0.138691
0 0.222898 0.632468 0.040259 0.052447
1 0.785778 0.689548 0.052112 0.082570
1 0.482076 0.578532 0.025896 0.037745
1 0.321672 0.554489 0.023215 0.031886
2 0.898019 0.514826 0.013337 0.023305
2 0.951041 0.514310 0.014368 0.021242
2 0.996106 0.514865 0.007788 0.023293
2 0.810037 0.592095 0.027812 0.048671
2 0.827296 0.551065 0.018455 0.032063
2 0.833843 0.530347 0.013029 0.023318
2 0.842363 0.514868 0.009904 0.019730
0 0.123002 0.586480 0.026285 0.036180
1 0.112890 0.551114 0.017940 0.027431
0 0.009505 0.576048 0.019009 0.027536
