1 0.856943 0.763984 0.082415 0.119983
0 0.119689 0.779297 0.076357 0.109375
3 0.799339 0.669478 0.068901 0.128419
3 0.188638 0.695650 0.068426 0.130069
0 0.234348 0.659704 0.037148 0.062500
1 0.804241 0.624413 0.031518 0.053698
1 0.882029 0.576811 0.026217 0.041228
0 0.222998 0.606044 0.024807 0.039466
0 0.130922 0.582666 0.025538 0.033092
0 0.641041 0.568497 0.019968 0.032056
0 0.817243 0.537348 0.016710 0.024900
0 0.975676 0.521036 0.013595 0.020537
1 0.987815 0.548175 0.022250 0.033902
1 0.415381 0.572894 0.018331 0.029811
1 0.253866 0.554428 0.015857 0.026487
1 0.123874 0.554073 0.014799 0.020540
2 0.515146 0.522911 0.011442 0.017985
2 0.548413 0.521429 0.008906 0.015039
2 0.623062 0.545181 0.015620 0.023672
2 0.611533 0.531185 0.011953 0.020410
2 0.597446 0.527337 0.010234 0.016729
2 0.582101 0.520278 0.009297 0.013965
2 0.437295 0.551727 0.014778 0.024138
2 0.456258 0.539802 0.011433 0.018693
2 0.465828 0.532331 0.009126 0.016426
2 0.477015 0.524350 0.008281 0.014766
