0 0.104617 0.832668 0.069808 0.120083
0 0.188837 0.652491 0.037448 0.061369
0 0.110201 0.598366 0.028554 0.039781
0 0.797398 0.600932 0.029758 0.046875
0 0.993915 0.554818 0.012170 0.033528
1 0.474828 0.597050 0.025909 0.041139
1 0.278685 0.558805 0.020480 0.028377
1 0.137991 0.558580 0.018318 0.024338
2 0.595121 0.517947 0.011442 0.024653
2 0.633870 0.519849 0.011340 0.018214
2 0.744028 0.555343 0.017792 0.030419
2 0.717843 0.536581 0.013612 0.022895
2 0.696905 0.525229 0.011464 0.019914
2 0.674998 0.518267 0.010741 0.019208
2 0.504184 0.562915 0.020547 0.032664
2 0.530925 0.539237 0.013670 0.024181
2 0.542075 0.527252 0.009984 0.018037
2 0.555003 0.516297 0.009170 0.015116
