0 0.053173 0.978179 0.066608 0.043643
0 0.259895 0.656803 0.040965 0.063153
1 0.991608 0.796941 0.016785 0.126647
1 0.577845 0.588524 0.033482 0.044079
1 0.400744 0.556826 0.023385 0.032312
2 0.983608 0.625806 0.030003 0.059263
2 0.984975 0.566047 0.021455 0.036626
2 0.982883 0.541077 0.015331 0.026996
2 0.984693 0.518178 0.011667 0.020954
0 0.177541 0.590668 0.026285 0.036180
1 0.185307 0.545585 0.017940 0.027431
0 0.069933 0.572559 0.021273 0.030164
1 0.025304 0.548781 0.015177 0.024386
