0 0.158573 0.729906 0.064006 0.089319
0 0.122656 0.623040 0.031564 0.045898
1 0.573723 0.635137 0.037866 0.060072
1 0.339020 0.575573 0.023975 0.034519
1 0.185998 0.562926 0.018629 0.025491
2 0.703384 0.516191 0.011803 0.020521
2 0.746473 0.514930 0.012518 0.019109
2 0.907103 0.569978 0.023294 0.040346
2 0.856492 0.542030 0.016209 0.029517
2 0.822647 0.527870 0.012575 0.021927
2 0.791482 0.516109 0.010976 0.019576
2 0.608558 0.577004 0.024062 0.035160
2 0.631210 0.547359 0.015976 0.027248
2 0.643878 0.530194 0.010560 0.021131
2 0.654006 0.516982 0.009904 0.019730
0 0.008984 0.588890 0.017969 0.035202
