3 0.969141 0.791850 0.061719 0.226847
3 0.031250 0.877441 0.062500 0.157227
0 0.120016 0.751529 0.056159 0.092679
1 0.920023 0.678036 0.049017 0.080682
1 0.967631 0.596350 0.033166 0.053395
0 0.141747 0.634435 0.030634 0.052485
0 0.054846 0.598442 0.025207 0.038160
0 0.662920 0.580004 0.024506 0.039169
0 0.851596 0.540071 0.015997 0.029187
1 0.385066 0.586500 0.022930 0.036284
1 0.203041 0.566159 0.020480 0.026850
1 0.061524 0.565881 0.016001 0.022750
2 0.498750 0.519776 0.011442 0.017985
2 0.534944 0.516613 0.010471 0.016123
2 0.627474 0.546553 0.015620 0.027288
2 0.608256 0.531982 0.013612 0.022895
2 0.590218 0.522960 0.011913 0.020138
2 0.570717 0.516339 0.010531 0.015141
2 0.412759 0.556538 0.015513 0.026978
2 0.436151 0.544284 0.011667 0.021097
2 0.446702 0.536521 0.009984 0.017008
2 0.459227 0.526648 0.008281 0.014766
