1 0.785052 0.723145 0.067395 0.096680
3 0.929335 0.804283 0.109154 0.227175
3 0.037442 0.796740 0.074075 0.179417
0 0.153954 0.735135 0.065143 0.093929
3 0.745932 0.648926 0.061260 0.114258
3 0.210853 0.670846 0.057596 0.112573
0 0.251578 0.642403 0.037148 0.062500
1 0.766681 0.614753 0.031518 0.053698
1 0.849511 0.573572 0.026217 0.041228
0 0.234746 0.592432 0.024807 0.039466
0 0.145946 0.570527 0.025538 0.033092
0 0.626723 0.563334 0.019968 0.032056
0 0.801722 0.536330 0.016710 0.024900
0 0.018820 0.569465 0.014565 0.022934
0 0.957415 0.526255 0.013595 0.020537
1 0.957710 0.551241 0.018638 0.030629
1 0.413661 0.566457 0.018331 0.028814
1 0.258045 0.553084 0.015074 0.021289
1 0.132358 0.551377 0.014161 0.019542
2 0.511682 0.521370 0.011442 0.017985
2 0.542283 0.522136 0.009022 0.015328
2 0.613026 0.542802 0.015620 0.023672
2 0.604733 0.531444 0.011953 0.020410
2 0.591172 0.525007 0.010234 0.018763
2 0.578081 0.520444 0.009297 0.013965
2 0.434813 0.548746 0.015341 0.023415
2 0.453523 0.536830 0.011433 0.018693
2 0.463946 0.529878 0.008850 0.015811
2 0.474709 0.523834 0.008082 0.014173
