1 0.780904 0.719489 0.066067 0.095117
3 0.921716 0.794757 0.108301 0.216345
3 0.041016 0.787109 0.082031 0.185547
0 0.157964 0.731080 0.063910 0.092242
3 0.742959 0.646514 0.060063 0.113222
3 0.214179 0.666712 0.056900 0.110803
0 0.256206 0.636923 0.037148 0.062500
1 0.763940 0.604809 0.031518 0.047962
1 0.849511 0.567700 0.026217 0.041228
0 0.235964 0.590910 0.024807 0.039466
0 0.147419 0.569747 0.025538 0.033092
0 0.626550 0.560868 0.019968 0.032056
0 0.802854 0.531231 0.016710 0.024900
0 0.022486 0.569465 0.014565 0.022934
0 0.958201 0.515830 0.013595 0.020537
1 0.957166 0.540705 0.018638 0.030629
1 0.415133 0.562633 0.018331 0.028814
1 0.261353 0.550195 0.015074 0.021289
1 0.133565 0.550684 0.014161 0.019542
2 0.513591 0.517192 0.011442 0.017985
2 0.542994 0.520954 0.008999 0.015270
2 0.613882 0.535483 0.015620 0.023672
2 0.604539 0.525358 0.011953 0.020410
2 0.592219 0.519145 0.010234 0.016025
2 0.578950 0.514520 0.009297 0.013965
2 0.435629 0.547115 0.015341 0.023415
2 0.455508 0.532965 0.011433 0.018693
2 0.466074 0.525352 0.008523 0.015547
2 0.477032 0.519687 0.007812 0.013398
