0 0.146748 0.772560 0.074633 0.108532
0 0.139043 0.624281 0.034415 0.051296
1 0.636536 0.650298 0.041422 0.070681
1 0.375647 0.571857 0.024406 0.035404
1 0.217346 0.557358 0.020966 0.029397
2 0.760030 0.513104 0.011803 0.020521
2 0.806879 0.512574 0.014368 0.021242
2 0.993797 0.576516 0.012406 0.040346
2 0.934520 0.537782 0.016526 0.029517
2 0.889889 0.524900 0.013972 0.024410
2 0.855682 0.507377 0.011463 0.019754
2 0.669639 0.577633 0.025033 0.040614
2 0.691915 0.542415 0.017369 0.028674
2 0.700186 0.528077 0.011337 0.021625
2 0.710570 0.513525 0.009904 0.019730
0 0.025542 0.590904 0.025990 0.036180
1 0.005902 0.557316 0.011746 0.027431
