0 0.114800 0.811829 0.068355 0.112267
0 0.180737 0.647175 0.037448 0.057446
0 0.099047 0.595248 0.026880 0.038970
0 0.763010 0.591473 0.026868 0.042441
0 0.962592 0.546712 0.020128 0.033528
1 0.454233 0.591548 0.025909 0.041139
1 0.263095 0.560964 0.020480 0.028377
1 0.120770 0.556517 0.018318 0.024338
2 0.572856 0.514786 0.011442 0.017985
2 0.611109 0.515350 0.011123 0.016894
2 0.716668 0.549242 0.017232 0.029848
2 0.693130 0.529668 0.013612 0.022895
2 0.672106 0.519284 0.011464 0.019914
2 0.651156 0.509967 0.010741 0.019208
2 0.485254 0.556861 0.020547 0.032664
2 0.507837 0.537469 0.013258 0.023468
2 0.518692 0.527252 0.009984 0.018037
2 0.531076 0.518166 0.009170 0.015116
