0 0.162953 0.726406 0.059837 0.087228
0 0.123932 0.621637 0.031564 0.045898
1 0.571936 0.634528 0.037377 0.060072
1 0.338516 0.575713 0.023975 0.034519
1 0.185998 0.562070 0.018629 0.025491
2 0.700348 0.520026 0.011803 0.020521
2 0.744587 0.519666 0.012518 0.019109
2 0.904024 0.569010 0.023090 0.039834
2 0.854209 0.542675 0.016209 0.029517
2 0.820788 0.528324 0.012415 0.021556
2 0.789664 0.516758 0.010976 0.019576
2 0.607243 0.577356 0.024062 0.035160
2 0.630020 0.547982 0.015502 0.027248
2 0.642020 0.532043 0.010560 0.021131
2 0.652980 0.519077 0.009904 0.019730
0 0.010156 0.588890 0.020313 0.035202
0 0.009818 0.589288 0.019636 0.033448
