0 0.093357 0.872171 0.090927 0.132812
0 0.201917 0.659960 0.037448 0.061369
0 0.131998 0.597304 0.032378 0.048629
0 0.847597 0.605331 0.029862 0.047384
1 0.506709 0.602322 0.025909 0.041139
1 0.304261 0.562897 0.020480 0.028377
1 0.161520 0.555683 0.018318 0.024338
2 0.629143 0.518043 0.011442 0.018250
2 0.668284 0.517676 0.012046 0.018070
2 0.785726 0.555252 0.018604 0.032666
2 0.756892 0.536454 0.014075 0.023225
2 0.732544 0.523582 0.011982 0.020378
2 0.708386 0.515310 0.010741 0.019208
2 0.537257 0.559528 0.020547 0.032664
2 0.561878 0.541084 0.013895 0.024181
2 0.572268 0.529694 0.010416 0.018045
2 0.584319 0.520043 0.009240 0.015926
