0 0.047656 0.937012 0.095312 0.125977
0 0.185608 0.674034 0.047985 0.072873
0 0.122563 0.599848 0.031564 0.045998
0 0.887607 0.612693 0.034161 0.053499
1 0.517971 0.604197 0.032368 0.048185
1 0.306931 0.561040 0.020771 0.029207
1 0.159379 0.555521 0.018318 0.024338
2 0.642315 0.510299 0.011442 0.018782
2 0.682400 0.508787 0.012518 0.018683
2 0.812239 0.553242 0.020274 0.034452
2 0.776068 0.530415 0.014848 0.027537
2 0.749995 0.518234 0.011982 0.020378
2 0.724102 0.507833 0.010741 0.019208
2 0.549248 0.561608 0.023184 0.032664
2 0.572717 0.535842 0.013895 0.024381
2 0.584412 0.524110 0.010560 0.019319
2 0.596958 0.513097 0.009263 0.016196
