0 0.123873 0.780163 0.062257 0.102473
0 0.175464 0.635745 0.033633 0.054152
0 0.091404 0.588295 0.025207 0.038160
0 0.735374 0.583425 0.027095 0.042135
0 0.931960 0.539608 0.015997 0.029187
1 0.437897 0.582546 0.024197 0.041139
1 0.247815 0.558307 0.020480 0.027698
1 0.105772 0.553615 0.018318 0.023266
2 0.555866 0.511731 0.011442 0.017985
2 0.591294 0.513146 0.010471 0.016123
2 0.693621 0.542495 0.016282 0.028030
2 0.669761 0.531877 0.013612 0.022895
2 0.650516 0.520924 0.012202 0.020501
2 0.630666 0.511884 0.011231 0.019211
2 0.467611 0.554712 0.019466 0.031298
2 0.487757 0.536981 0.012909 0.022552
2 0.500039 0.524891 0.009984 0.017522
2 0.512614 0.515668 0.009170 0.015116
