0 0.100495 0.938532 0.103070 0.122936
0 0.238326 0.646580 0.037733 0.054879
1 0.922162 0.764737 0.064361 0.112482
1 0.536700 0.585473 0.032329 0.043399
1 0.366321 0.555724 0.023215 0.031886
2 0.991478 0.516296 0.014658 0.024049
2 0.919650 0.613467 0.035701 0.054407
2 0.925398 0.560017 0.021781 0.033147
2 0.925928 0.533377 0.015331 0.026996
2 0.929117 0.512660 0.009725 0.020747
0 0.152052 0.589666 0.026285 0.036180
1 0.156111 0.547761 0.017940 0.027431
0 0.038543 0.574010 0.020841 0.029791
