0 0.171152 0.711294 0.048950 0.073859
0 0.123729 0.611816 0.031564 0.045898
0 0.972882 0.641081 0.042946 0.062300
1 0.551504 0.624674 0.032368 0.054115
1 0.328553 0.566585 0.022925 0.033823
1 0.178363 0.558482 0.018396 0.024626
2 0.681627 0.521357 0.011745 0.019277
2 0.725822 0.518515 0.012518 0.019109
2 0.872354 0.569931 0.022479 0.038299
2 0.829411 0.535526 0.016039 0.029333
2 0.797729 0.520050 0.012355 0.021770
2 0.768386 0.508791 0.010976 0.019576
2 0.587773 0.568858 0.024062 0.035160
2 0.613220 0.540121 0.014414 0.026392
2 0.625001 0.524591 0.010560 0.021131
2 0.637291 0.511691 0.009904 0.019730
0 0.009264 0.585482 0.018529 0.033448
