0 0.172011 0.876287 0.103070 0.143899
0 0.244598 0.637469 0.037733 0.053722
1 0.837751 0.721402 0.055389 0.091242
1 0.513105 0.585823 0.027773 0.040662
1 0.349862 0.560655 0.023215 0.031886
2 0.943250 0.521067 0.013636 0.023576
2 0.996225 0.520245 0.007551 0.023304
2 0.857397 0.604893 0.032080 0.050111
2 0.873406 0.559080 0.019151 0.031573
2 0.878791 0.537428 0.013053 0.023313
2 0.887476 0.520771 0.009770 0.020493
0 0.146256 0.593718 0.026285 0.036180
1 0.143201 0.555396 0.017940 0.027431
0 0.033619 0.573850 0.020841 0.029791
