0 0.111810 0.832668 0.084193 0.120083
0 0.194250 0.652702 0.037448 0.061369
0 0.115952 0.594984 0.028554 0.039781
0 0.806402 0.596961 0.029758 0.046875
0 0.993915 0.554818 0.012170 0.033528
1 0.482305 0.593482 0.025909 0.041139
1 0.284179 0.559862 0.020480 0.028377
1 0.143026 0.557301 0.018318 0.024338
2 0.601657 0.517016 0.011442 0.021319
2 0.641550 0.514266 0.011340 0.017682
2 0.752911 0.551187 0.017792 0.030419
2 0.725592 0.531968 0.013612 0.022895
2 0.702793 0.519498 0.011464 0.019914
2 0.682448 0.512898 0.010741 0.019208
2 0.511523 0.558702 0.020547 0.032664
2 0.536802 0.537673 0.013895 0.024181
2 0.546752 0.527252 0.009984 0.018037
2 0.559788 0.515923 0.009170 0.015116
