0 0.088509 0.885808 0.090927 0.132812
0 0.200600 0.661398 0.040082 0.064245
0 0.131288 0.598319 0.032378 0.048629
0 0.854420 0.608747 0.029967 0.047894
1 0.509058 0.602811 0.025909 0.041139
1 0.304568 0.562448 0.020480 0.028377
1 0.161282 0.555665 0.018318 0.024338
2 0.631928 0.517608 0.011442 0.018516
2 0.671502 0.518201 0.012282 0.018377
2 0.789347 0.557123 0.018604 0.032789
2 0.760053 0.536513 0.013937 0.023921
2 0.736704 0.526234 0.011982 0.020378
2 0.711649 0.516840 0.010741 0.019208
2 0.539832 0.562424 0.020547 0.032664
2 0.564873 0.542483 0.013895 0.024181
2 0.575970 0.530509 0.010560 0.018048
2 0.587556 0.520794 0.009263 0.016196
