0 0.111890 0.812971 0.069808 0.120083
0 0.183161 0.651720 0.037448 0.057446
0 0.102331 0.591661 0.028554 0.039781
0 0.775083 0.593521 0.026868 0.044463
0 0.977027 0.546499 0.020128 0.033528
1 0.461255 0.591259 0.025909 0.041139
1 0.269377 0.563100 0.020480 0.028377
1 0.125537 0.559597 0.018318 0.024338
2 0.580134 0.514454 0.011442 0.017985
2 0.619339 0.515659 0.011340 0.017150
2 0.726936 0.548991 0.017418 0.030039
2 0.700909 0.530422 0.013612 0.022895
2 0.679343 0.520360 0.011464 0.019914
2 0.659010 0.510723 0.010741 0.019208
2 0.491780 0.555163 0.020547 0.032664
2 0.515393 0.540732 0.013232 0.023944
2 0.528045 0.527252 0.009984 0.018037
2 0.540646 0.517418 0.009170 0.015116
