0 0.097735 0.859995 0.087560 0.126448
0 0.201015 0.657141 0.037448 0.061369
0 0.126586 0.593921 0.032378 0.048629
0 0.836697 0.602731 0.029758 0.046875
1 0.498269 0.598744 0.025909 0.041139
1 0.299335 0.559826 0.020480 0.028377
1 0.156137 0.555819 0.018318 0.024338
2 0.621449 0.515024 0.011442 0.017985
2 0.660491 0.515604 0.011575 0.017457
2 0.776537 0.554037 0.018401 0.032012
2 0.747662 0.533309 0.014075 0.023225
2 0.723540 0.522165 0.011852 0.020262
2 0.701861 0.512251 0.010741 0.019208
2 0.530877 0.558844 0.020547 0.031751
2 0.555889 0.538284 0.013895 0.024181
2 0.564864 0.528066 0.010128 0.018040
2 0.577844 0.518543 0.009193 0.015386
