3 0.954225 0.780017 0.087734 0.203180
3 0.036719 0.845703 0.073438 0.220703
0 0.124259 0.740923 0.056159 0.092679
1 0.901143 0.678741 0.040206 0.075619
1 0.952909 0.594246 0.033166 0.053395
0 0.144848 0.644301 0.030634 0.052485
0 0.053943 0.607947 0.025207 0.038160
0 0.653649 0.582880 0.023938 0.039169
0 0.842587 0.542624 0.015997 0.029187
1 0.383631 0.593004 0.022930 0.035579
1 0.200701 0.567422 0.019583 0.026149
1 0.057968 0.564979 0.016001 0.022750
2 0.493694 0.525643 0.011442 0.017985
2 0.529796 0.522845 0.010471 0.016123
2 0.623627 0.551204 0.015620 0.027288
2 0.602632 0.534912 0.013612 0.022895
2 0.583593 0.528109 0.011913 0.020138
2 0.565551 0.522355 0.010531 0.015141
2 0.410855 0.566223 0.015513 0.026978
2 0.431067 0.543372 0.011433 0.020825
2 0.440693 0.535688 0.009984 0.017008
2 0.452703 0.526004 0.008281 0.014766
