3 0.901876 0.738481 0.093124 0.167570
3 0.098996 0.775361 0.095237 0.177675
0 0.179455 0.706013 0.045943 0.072266
1 0.873389 0.657668 0.040206 0.075619
1 0.937738 0.590490 0.033166 0.053395
0 0.184230 0.622967 0.030634 0.052485
0 0.088834 0.590492 0.025207 0.034500
0 0.658069 0.579605 0.022802 0.035581
0 0.840848 0.544771 0.015997 0.029187
1 0.402870 0.582088 0.022930 0.033531
1 0.228114 0.561996 0.017579 0.025762
1 0.087600 0.561180 0.016001 0.022750
2 0.508485 0.522366 0.011442 0.017985
2 0.543103 0.523256 0.010471 0.016123
2 0.628184 0.550229 0.015620 0.027288
2 0.612475 0.536662 0.011953 0.020410
2 0.598252 0.525459 0.011913 0.018702
2 0.579167 0.522760 0.009324 0.014393
2 0.427443 0.559462 0.014860 0.025817
2 0.446265 0.541817 0.011433 0.020825
2 0.458127 0.532697 0.009984 0.017008
2 0.470108 0.523854 0.008281 0.014766
