0 0.153829 0.888408 0.103070 0.143899
0 0.234034 0.637276 0.037733 0.053923
1 0.846811 0.726376 0.055389 0.095909
1 0.513409 0.583803 0.028524 0.041121
1 0.347907 0.558531 0.023215 0.031886
2 0.947108 0.517432 0.013892 0.023576
2 0.996329 0.517740 0.007341 0.023304
2 0.863882 0.603837 0.032080 0.050111
2 0.876775 0.557207 0.020024 0.033147
2 0.882584 0.530958 0.013053 0.023313
2 0.889436 0.512719 0.009725 0.020747
0 0.141449 0.587362 0.026285 0.036180
1 0.138764 0.551562 0.017940 0.027431
0 0.028572 0.573798 0.020841 0.029791
