0 0.098071 0.939289 0.103070 0.121421
0 0.241980 0.648756 0.038195 0.056061
1 0.934426 0.769024 0.065543 0.116172
1 0.541230 0.585473 0.032905 0.043739
1 0.370948 0.555521 0.023215 0.031886
2 0.996879 0.514343 0.006242 0.024049
2 0.928057 0.616278 0.036073 0.055473
2 0.933718 0.559344 0.021781 0.033147
2 0.934057 0.534199 0.015331 0.026996
2 0.937440 0.512915 0.010114 0.020789
0 0.155840 0.589373 0.026285 0.036180
1 0.159798 0.547109 0.017940 0.027431
0 0.043573 0.573840 0.020841 0.029791
