0 0.128374 0.920227 0.103070 0.143899
0 0.230207 0.642597 0.037733 0.054726
1 0.866490 0.739564 0.059284 0.102657
1 0.516553 0.584536 0.029524 0.041734
1 0.350557 0.555971 0.023215 0.031886
2 0.957285 0.517882 0.014658 0.023576
2 0.877971 0.608371 0.032159 0.051144
2 0.889363 0.558694 0.021342 0.033147
2 0.893771 0.533378 0.013053 0.023313
2 0.899908 0.515934 0.009725 0.020747
0 0.137518 0.589085 0.026285 0.036180
1 0.137981 0.550019 0.017940 0.027431
0 0.025854 0.574931 0.020841 0.029791
