0 0.147292 0.742422 0.068176 0.095234
0 0.122279 0.620538 0.032990 0.048597
1 0.596247 0.642886 0.039821 0.064806
1 0.348062 0.571514 0.024191 0.034961
1 0.191464 0.559132 0.018629 0.026739
2 0.722409 0.512182 0.011803 0.021956
2 0.766500 0.511299 0.012518 0.019288
2 0.944221 0.570162 0.023971 0.040346
2 0.887038 0.538390 0.016209 0.029517
2 0.849148 0.522528 0.013481 0.023217
2 0.813328 0.512057 0.011463 0.019754
2 0.630703 0.572474 0.025033 0.039639
2 0.651967 0.541041 0.016595 0.027234
2 0.662848 0.525123 0.010560 0.021131
2 0.673321 0.511203 0.009904 0.019730
0 0.008594 0.590624 0.017188 0.035202
