0 0.113588 0.816879 0.068355 0.112267
0 0.181949 0.649447 0.037448 0.057446
0 0.099981 0.595577 0.028554 0.039781
0 0.768883 0.590454 0.026868 0.042441
0 0.970774 0.545139 0.020128 0.033528
1 0.457496 0.590965 0.025909 0.041139
1 0.266236 0.562032 0.020480 0.028377
1 0.123153 0.558057 0.018318 0.024338
2 0.576299 0.514368 0.011442 0.017985
2 0.615424 0.514435 0.011340 0.017150
2 0.721894 0.548377 0.017232 0.029848
2 0.697020 0.530045 0.013612 0.022895
2 0.675725 0.519822 0.011464 0.019914
2 0.655083 0.510345 0.010741 0.019208
2 0.488517 0.556012 0.020547 0.032664
2 0.511615 0.539101 0.013245 0.023706
2 0.523369 0.527252 0.009984 0.018037
2 0.535861 0.517792 0.009170 0.015116
