1 0.921191 0.791225 0.093681 0.136483
0 0.115317 0.802734 0.079072 0.113281
3 0.838898 0.686484 0.076500 0.140459
3 0.192813 0.705292 0.075312 0.139099
0 0.245153 0.667543 0.037148 0.062500
1 0.846236 0.633410 0.036788 0.063702
1 0.922115 0.578703 0.031860 0.046342
0 0.235401 0.600618 0.024807 0.039466
0 0.144437 0.577256 0.025207 0.031915
0 0.669146 0.565694 0.020927 0.032656
0 0.849424 0.536955 0.016710 0.024900
1 0.434754 0.568937 0.020306 0.032011
1 0.268313 0.553009 0.016389 0.026768
1 0.135347 0.554286 0.015067 0.020768
2 0.535489 0.518521 0.010041 0.017645
2 0.570055 0.516943 0.008906 0.015039
2 0.646948 0.540827 0.015620 0.024884
2 0.632557 0.529096 0.011953 0.020410
2 0.619034 0.521565 0.011913 0.018702
2 0.602832 0.515267 0.009324 0.014393
2 0.456543 0.548075 0.014214 0.024860
2 0.476225 0.535711 0.011433 0.018693
2 0.487666 0.526447 0.009984 0.017008
2 0.498498 0.519245 0.008281 0.014766
