3 0.964382 0.787211 0.071236 0.217569
3 0.031250 0.877441 0.062500 0.157227
0 0.121431 0.747993 0.056159 0.092679
1 0.915941 0.679302 0.044611 0.078150
1 0.961367 0.600510 0.033166 0.053395
0 0.142029 0.639720 0.030634 0.052485
0 0.054395 0.598019 0.025207 0.038160
0 0.658841 0.586122 0.024506 0.039169
0 0.846702 0.543946 0.015997 0.029187
1 0.384414 0.590408 0.022930 0.036284
1 0.202261 0.566580 0.020181 0.026616
1 0.060338 0.565580 0.016001 0.022750
2 0.496841 0.522691 0.011442 0.017985
2 0.533767 0.523030 0.010471 0.016123
2 0.626556 0.551666 0.015620 0.027288
2 0.607550 0.536762 0.013612 0.022895
2 0.587865 0.528301 0.011913 0.020138
2 0.569684 0.522627 0.010531 0.015141
2 0.411648 0.562604 0.015513 0.026978
2 0.434443 0.544749 0.011550 0.020961
2 0.444499 0.536639 0.009984 0.017008
2 0.456836 0.526413 0.008281 0.014766
