1 0.941907 0.802055 0.097436 0.141983
0 0.100648 0.817017 0.084108 0.119873
3 0.851984 0.692945 0.079235 0.145603
3 0.185920 0.716002 0.076600 0.141697
0 0.244477 0.670080 0.037148 0.062500
1 0.851085 0.636333 0.036788 0.063702
1 0.926331 0.581071 0.031860 0.046342
0 0.233334 0.605580 0.024807 0.039466
0 0.143169 0.580135 0.025207 0.031915
0 0.671486 0.567719 0.021559 0.033516
0 0.854622 0.536078 0.017318 0.031140
1 0.435230 0.571231 0.020306 0.032011
1 0.269039 0.553957 0.016389 0.026433
1 0.133225 0.555587 0.015334 0.020995
2 0.535391 0.518842 0.010742 0.017815
2 0.571251 0.518801 0.009074 0.015212
2 0.650866 0.542345 0.015620 0.026096
2 0.635358 0.530387 0.011953 0.020410
2 0.622149 0.522061 0.011913 0.018702
2 0.606419 0.515975 0.009324 0.014393
2 0.458243 0.548743 0.014214 0.024860
2 0.476036 0.536428 0.011433 0.019147
2 0.487719 0.528611 0.009984 0.017008
2 0.498708 0.521146 0.008281 0.014766
