0 0.158678 0.882348 0.103070 0.143899
0 0.234991 0.635946 0.037733 0.053722
1 0.843791 0.724718 0.055389 0.094353
1 0.513307 0.584477 0.028274 0.040968
1 0.348558 0.559239 0.023215 0.031886
2 0.944941 0.517134 0.013636 0.023576
2 0.996329 0.517740 0.007341 0.023304
2 0.861720 0.601146 0.032080 0.050111
2 0.875144 0.556612 0.020024 0.033147
2 0.879787 0.530353 0.013053 0.023313
2 0.886818 0.511915 0.009725 0.020747
0 0.143104 0.587379 0.026285 0.036180
1 0.139547 0.550991 0.017940 0.027431
0 0.030215 0.573763 0.020841 0.029791
