1 0.890118 0.774978 0.088048 0.128233
0 0.117503 0.791016 0.077714 0.111328
3 0.819270 0.676793 0.072398 0.132742
3 0.190726 0.700471 0.071869 0.134584
0 0.240958 0.661962 0.037148 0.062500
1 0.823768 0.629823 0.034486 0.060904
1 0.901885 0.580818 0.031860 0.046342
0 0.231927 0.603307 0.024807 0.039466
0 0.137597 0.578319 0.025207 0.030968
0 0.655969 0.567409 0.019968 0.032056
0 0.835391 0.539017 0.016710 0.024900
0 0.993109 0.524665 0.013783 0.021598
1 0.994414 0.545891 0.011172 0.033902
1 0.424323 0.570984 0.018567 0.030376
1 0.264157 0.552653 0.016256 0.026950
1 0.134070 0.553257 0.014799 0.020540
2 0.525653 0.518913 0.011442 0.017985
2 0.561083 0.517045 0.008906 0.015039
2 0.636543 0.543495 0.015620 0.023672
2 0.623055 0.531236 0.011953 0.020410
2 0.610918 0.523059 0.011354 0.018123
2 0.594959 0.515989 0.009317 0.014286
2 0.447092 0.550448 0.014214 0.024860
2 0.466077 0.538268 0.011433 0.018693
2 0.476258 0.529988 0.009984 0.017008
2 0.486781 0.522885 0.008281 0.014766
