0 0.116013 0.806778 0.068355 0.112267
0 0.179525 0.644902 0.037448 0.057446
0 0.098112 0.594919 0.025207 0.038160
0 0.759063 0.586892 0.026868 0.042441
0 0.958988 0.543027 0.016772 0.029839
1 0.452203 0.587389 0.024197 0.041139
1 0.259954 0.559895 0.020480 0.028377
1 0.118386 0.554976 0.018318 0.024338
2 0.569412 0.515204 0.011442 0.017985
2 0.606793 0.516264 0.010905 0.016637
2 0.711441 0.550108 0.017232 0.029848
2 0.689241 0.529291 0.013612 0.022895
2 0.668487 0.518746 0.011464 0.019914
2 0.647228 0.509590 0.010741 0.019208
2 0.482481 0.553735 0.020547 0.032664
2 0.503243 0.539235 0.013271 0.023230
2 0.514591 0.528355 0.009984 0.018037
2 0.526974 0.519034 0.009056 0.015742
