0 0.178598 0.832347 0.116242 0.143899
0 0.234794 0.631066 0.038575 0.053297
1 0.807997 0.696664 0.052112 0.084734
1 0.496171 0.577064 0.025896 0.037745
1 0.334827 0.553705 0.023215 0.031886
2 0.919581 0.515090 0.013636 0.023576
2 0.972357 0.514582 0.014368 0.021242
2 0.831058 0.595368 0.028509 0.050111
2 0.845609 0.552326 0.018755 0.032063
2 0.852085 0.531244 0.013053 0.023313
2 0.860417 0.515599 0.009904 0.019730
0 0.134418 0.586728 0.026285 0.036180
1 0.126952 0.550665 0.017940 0.027431
0 0.020949 0.577216 0.019620 0.028287
