1 0.790715 0.725953 0.067395 0.097114
3 0.936953 0.813810 0.110006 0.238005
3 0.033868 0.806370 0.066119 0.173287
0 0.149944 0.739191 0.066375 0.095615
3 0.749297 0.650319 0.061562 0.115417
3 0.207528 0.674981 0.058291 0.114343
0 0.246950 0.647882 0.037148 0.062500
1 0.769187 0.615634 0.031518 0.053698
1 0.851061 0.572515 0.026217 0.041228
0 0.231025 0.602157 0.024807 0.039466
0 0.140669 0.578645 0.025538 0.033092
0 0.626896 0.565800 0.019968 0.032056
0 0.800590 0.541429 0.016710 0.024900
0 0.014965 0.575661 0.014565 0.022934
0 0.956565 0.526727 0.013595 0.020537
1 0.958300 0.548192 0.018638 0.030629
1 0.410671 0.570587 0.018331 0.028814
1 0.255961 0.551385 0.015074 0.021289
1 0.129960 0.551866 0.014161 0.019542
2 0.509772 0.525548 0.011442 0.017985
2 0.541571 0.523318 0.009045 0.015385
2 0.612823 0.548056 0.015620 0.023672
2 0.601250 0.536584 0.011953 0.020410
2 0.589655 0.529289 0.010234 0.017394
2 0.574772 0.522937 0.009297 0.014673
2 0.432056 0.553359 0.015341 0.023415
2 0.451539 0.540695 0.011433 0.018693
2 0.461818 0.534405 0.009176 0.016075
2 0.472387 0.527981 0.008351 0.014947
