3 0.975391 0.830566 0.049219 0.149414
3 0.031250 0.878957 0.062500 0.157227
0 0.118602 0.755064 0.056159 0.092679
1 0.929376 0.686804 0.049017 0.080682
1 0.977497 0.601988 0.033166 0.053395
0 0.141747 0.638495 0.030634 0.052485
0 0.055297 0.598865 0.025207 0.038160
0 0.667618 0.584898 0.024506 0.039169
0 0.856001 0.544557 0.015997 0.029187
1 0.389416 0.589389 0.022930 0.036284
1 0.206036 0.568442 0.020480 0.026850
1 0.062709 0.566182 0.016001 0.022750
2 0.502885 0.522229 0.011442 0.017985
2 0.538924 0.521793 0.010471 0.016123
2 0.632817 0.551680 0.015620 0.027288
2 0.613015 0.535759 0.013612 0.022895
2 0.594606 0.525243 0.011913 0.020240
2 0.575013 0.518973 0.010531 0.015141
2 0.416242 0.561052 0.015954 0.028354
2 0.437858 0.543819 0.011784 0.021232
2 0.448905 0.536403 0.009984 0.017008
2 0.461619 0.526884 0.008281 0.014766
