0 0.154193 0.733406 0.068176 0.091410
0 0.121380 0.624443 0.031564 0.045898
1 0.575510 0.635746 0.038355 0.060072
1 0.339523 0.575433 0.023975 0.034519
1 0.185998 0.563783 0.018629 0.025491
2 0.705061 0.515911 0.011803 0.020521
2 0.748534 0.517191 0.012518 0.019109
2 0.911066 0.570300 0.023294 0.040346
2 0.858776 0.541386 0.016209 0.029517
2 0.824506 0.527415 0.012736 0.022299
2 0.793299 0.515460 0.010976 0.019576
2 0.609874 0.576651 0.024062 0.035160
2 0.632400 0.546736 0.016451 0.027248
2 0.645339 0.529854 0.010560 0.021131
2 0.655807 0.516685 0.009904 0.019730
0 0.007716 0.598404 0.015432 0.035202
