0 0.172699 0.697579 0.047985 0.072873
0 0.119031 0.606874 0.031564 0.045998
0 0.943150 0.628920 0.040263 0.054714
1 0.539677 0.613710 0.032368 0.052633
1 0.319356 0.567461 0.022225 0.033359
1 0.170027 0.553727 0.018318 0.024338
2 0.667934 0.510810 0.011580 0.019850
2 0.709998 0.514437 0.012518 0.019109
2 0.851465 0.561619 0.020507 0.035347
2 0.809706 0.531620 0.015531 0.028781
2 0.780828 0.517521 0.011982 0.020378
2 0.752847 0.507800 0.010976 0.019576
2 0.572091 0.566920 0.024062 0.035160
2 0.598032 0.537932 0.014275 0.025257
2 0.609834 0.524145 0.010560 0.020678
2 0.622096 0.511479 0.009904 0.019730
