0 0.107041 0.826103 0.069808 0.120083
0 0.184608 0.646852 0.037448 0.061369
0 0.105267 0.591906 0.028554 0.039781
0 0.787588 0.595012 0.029758 0.046875
0 0.988378 0.548700 0.020128 0.033528
1 0.469346 0.592156 0.025909 0.041139
1 0.273191 0.557749 0.020480 0.028377
1 0.132956 0.559858 0.018318 0.024338
2 0.588584 0.514694 0.011442 0.019623
2 0.627170 0.512600 0.011340 0.017150
2 0.737021 0.550220 0.017792 0.030419
2 0.712378 0.535485 0.013612 0.022895
2 0.690689 0.525046 0.011464 0.019914
2 0.669669 0.515752 0.010741 0.019208
2 0.500441 0.561676 0.020547 0.032664
2 0.525048 0.540800 0.013445 0.024181
2 0.537399 0.527252 0.009984 0.018037
2 0.550217 0.516670 0.009170 0.015116
