0 0.187082 0.845984 0.116242 0.143899
0 0.240742 0.630365 0.037733 0.053722
1 0.815344 0.700758 0.053204 0.086412
1 0.503219 0.576330 0.025896 0.037745
1 0.341404 0.553314 0.023215 0.031886
2 0.926005 0.515574 0.013636 0.023576
2 0.979720 0.515387 0.014075 0.021242
2 0.838117 0.594634 0.029235 0.050111
2 0.853720 0.552326 0.018755 0.032063
2 0.859916 0.531176 0.013053 0.023313
2 0.868683 0.515055 0.009904 0.019730
0 0.138410 0.587857 0.026285 0.036180
1 0.132433 0.550828 0.017940 0.027431
0 0.026671 0.577800 0.019925 0.028663
