1 0.931549 0.796640 0.095558 0.139233
0 0.107982 0.809875 0.081590 0.116577
3 0.845441 0.689715 0.077868 0.143031
3 0.191121 0.712691 0.075312 0.139099
0 0.244815 0.668812 0.037148 0.062500
1 0.846236 0.636333 0.036788 0.063702
1 0.925768 0.585300 0.031860 0.046342
0 0.235401 0.604170 0.024807 0.039466
0 0.144437 0.578021 0.025207 0.031915
0 0.670316 0.566706 0.021243 0.033086
0 0.851708 0.543073 0.016710 0.024900
1 0.434188 0.572618 0.020306 0.032011
1 0.268676 0.553483 0.016389 0.026601
1 0.134286 0.554937 0.015200 0.020881
2 0.535440 0.518682 0.010392 0.017730
2 0.570653 0.517872 0.008990 0.015126
2 0.648907 0.541586 0.015620 0.025490
2 0.633958 0.529741 0.011953 0.020410
2 0.620592 0.521813 0.011913 0.018702
2 0.604625 0.515621 0.009324 0.014393
2 0.457393 0.548409 0.014214 0.024860
2 0.476131 0.536069 0.011433 0.018920
2 0.487693 0.527529 0.009984 0.017008
2 0.498603 0.520196 0.008281 0.014766
