1 0.845534 0.761195 0.080538 0.117233
0 0.120418 0.775391 0.075905 0.108724
3 0.792695 0.667040 0.067735 0.126978
3 0.187943 0.694043 0.067278 0.128564
0 0.232995 0.654630 0.037148 0.062500
1 0.798532 0.621965 0.031518 0.053698
1 0.875687 0.575343 0.026217 0.041228
0 0.220157 0.600463 0.024807 0.039466
0 0.130922 0.577282 0.025538 0.033092
0 0.636202 0.569227 0.019968 0.032056
0 0.814884 0.536660 0.016710 0.024900
0 0.971189 0.521377 0.013595 0.020537
1 0.981779 0.546952 0.022250 0.033902
1 0.412490 0.568402 0.018331 0.029811
1 0.250436 0.555020 0.015724 0.026332
1 0.120475 0.554345 0.014799 0.020540
2 0.512073 0.521131 0.011442 0.017985
2 0.545259 0.518983 0.008906 0.015039
2 0.619734 0.541346 0.015620 0.023672
2 0.607692 0.529537 0.011953 0.020410
2 0.593975 0.527637 0.010234 0.016495
2 0.579224 0.521311 0.009297 0.013965
2 0.433697 0.553267 0.015060 0.023776
2 0.453876 0.540486 0.011433 0.018693
2 0.463504 0.533258 0.009126 0.016426
2 0.474847 0.524963 0.008281 0.014766
