1 0.812042 0.740034 0.071150 0.103482
3 0.956757 0.842383 0.086484 0.247266
3 0.030294 0.831152 0.058163 0.167157
0 0.133905 0.755412 0.071303 0.102362
3 0.762756 0.655894 0.062770 0.120055
3 0.197770 0.676473 0.062048 0.120804
0 0.240234 0.649133 0.037148 0.062500
1 0.778806 0.618811 0.031518 0.053698
1 0.858223 0.573742 0.026217 0.041228
0 0.223050 0.598840 0.024807 0.039466
0 0.132606 0.577635 0.025538 0.033092
0 0.629399 0.566559 0.019968 0.032056
0 0.803689 0.539391 0.016710 0.024900
0 0.007974 0.574117 0.014116 0.025187
0 0.958654 0.525369 0.013595 0.020537
1 0.964591 0.547013 0.018638 0.030629
1 0.409155 0.568697 0.018331 0.028814
1 0.249756 0.554906 0.015296 0.023384
1 0.120417 0.555096 0.014161 0.019542
2 0.507679 0.522502 0.011442 0.017985
2 0.540369 0.521647 0.008906 0.015039
2 0.611461 0.545936 0.015620 0.023672
2 0.602028 0.533018 0.011953 0.020410
2 0.587990 0.527041 0.010234 0.016025
2 0.573274 0.521620 0.009297 0.013965
2 0.431575 0.549520 0.015341 0.023415
2 0.449228 0.538175 0.011433 0.018693
2 0.458797 0.533846 0.009126 0.016426
2 0.470383 0.525881 0.008281 0.014766
