0 0.177570 0.681950 0.047985 0.072873
0 0.117442 0.602420 0.031564 0.045998
0 0.904097 0.616061 0.036364 0.055461
1 0.521657 0.604889 0.032368 0.048185
1 0.309094 0.562669 0.021352 0.030868
1 0.160309 0.554879 0.018318 0.024338
2 0.645676 0.507916 0.011442 0.018782
2 0.687974 0.507428 0.012518 0.018683
2 0.821088 0.552311 0.020274 0.036263
2 0.783842 0.529186 0.014592 0.027802
2 0.755701 0.516034 0.011982 0.020378
2 0.730846 0.506066 0.010741 0.019208
2 0.554174 0.559059 0.024062 0.032664
2 0.578412 0.535390 0.014275 0.024980
2 0.589918 0.525244 0.010560 0.019319
2 0.602351 0.512931 0.009423 0.017080
