0 0.153773 0.784309 0.081137 0.117519
0 0.162063 0.630370 0.034415 0.051296
1 0.675924 0.659032 0.046589 0.075877
1 0.401288 0.572259 0.025002 0.036340
1 0.245098 0.558123 0.023215 0.031886
2 0.796980 0.509026 0.012291 0.020521
2 0.845377 0.509808 0.014368 0.021242
2 0.978536 0.539922 0.016684 0.030133
2 0.933741 0.521230 0.013972 0.024410
2 0.894232 0.507838 0.011463 0.019754
2 0.707116 0.578149 0.025033 0.043540
2 0.728160 0.541358 0.017611 0.029408
2 0.737048 0.524884 0.012113 0.022119
2 0.745781 0.508908 0.009904 0.019730
0 0.051671 0.590444 0.026187 0.036180
1 0.033997 0.555331 0.017940 0.027431
