1 0.756011 0.697555 0.058100 0.085741
3 0.876005 0.762000 0.103183 0.200173
3 0.068769 0.754349 0.089064 0.167587
0 0.182023 0.706748 0.056517 0.082122
3 0.725119 0.632043 0.052879 0.107007
3 0.232619 0.648764 0.053346 0.103896
0 0.263727 0.627492 0.037148 0.062500
1 0.751416 0.601775 0.031518 0.047962
1 0.837686 0.562169 0.026217 0.041228
0 0.246406 0.585031 0.024807 0.039466
0 0.158227 0.569837 0.020889 0.031044
0 0.626377 0.557222 0.019968 0.032056
0 0.797354 0.529297 0.016710 0.024900
0 0.035072 0.567987 0.014565 0.022934
0 0.951553 0.515340 0.013595 0.021808
1 0.947265 0.540709 0.018452 0.028322
1 0.418572 0.559334 0.018331 0.028814
1 0.267413 0.548884 0.015074 0.021289
1 0.143077 0.547627 0.014161 0.019542
2 0.515914 0.517414 0.011442 0.017985
2 0.547727 0.516542 0.008906 0.015039
2 0.614089 0.536004 0.015620 0.023672
2 0.605139 0.526901 0.011953 0.020410
2 0.593339 0.521197 0.010234 0.016025
2 0.581224 0.517060 0.009297 0.013965
2 0.439979 0.543029 0.015341 0.023415
2 0.458186 0.532105 0.011433 0.018693
2 0.467871 0.525612 0.008523 0.015547
2 0.479695 0.519850 0.007308 0.013398
