0 0.078677 0.941562 0.103070 0.116876
0 0.247951 0.651438 0.039118 0.058425
1 0.958953 0.777596 0.067906 0.123552
1 0.552176 0.586083 0.033482 0.044079
1 0.380204 0.555115 0.023215 0.031886
2 0.947741 0.613616 0.036444 0.059263
2 0.950357 0.557998 0.021781 0.033147
2 0.950313 0.535843 0.015331 0.026996
2 0.954084 0.513426 0.010890 0.020871
0 0.163816 0.589825 0.026285 0.036180
1 0.167818 0.545749 0.017940 0.027431
0 0.053633 0.573500 0.020841 0.029791
1 0.007353 0.549889 0.014706 0.025406
