0 0.075680 0.950684 0.097077 0.098633
0 0.250937 0.652780 0.039580 0.059607
1 0.968549 0.789678 0.062902 0.126647
1 0.558594 0.586693 0.033482 0.044079
1 0.386030 0.555468 0.023215 0.031886
2 0.958160 0.616830 0.036444 0.059263
2 0.959924 0.560069 0.022753 0.034307
2 0.958441 0.536665 0.015331 0.026996
2 0.962407 0.513682 0.011279 0.020913
0 0.167803 0.590052 0.026285 0.036180
1 0.172191 0.545708 0.017940 0.027431
0 0.058663 0.573330 0.020841 0.029791
1 0.011839 0.548529 0.014706 0.025406
