0 0.037244 0.896950 0.074489 0.123418
3 0.894937 0.724338 0.088943 0.166559
3 0.122908 0.757791 0.089184 0.166753
0 0.197055 0.696005 0.045943 0.072266
1 0.868032 0.654119 0.036788 0.063702
1 0.936114 0.590490 0.033166 0.053395
0 0.198689 0.615415 0.030634 0.052485
0 0.103661 0.587421 0.025207 0.031915
0 0.662999 0.576742 0.021875 0.033947
0 0.846748 0.542941 0.015997 0.029187
1 0.413179 0.579641 0.022930 0.033531
1 0.238168 0.561246 0.016389 0.025762
1 0.101569 0.558565 0.016001 0.021861
2 0.517067 0.521472 0.011442 0.017985
2 0.551600 0.519999 0.010471 0.016123
2 0.636407 0.550073 0.015620 0.027288
2 0.620890 0.531655 0.011953 0.020410
2 0.603769 0.527102 0.011913 0.018702
2 0.586644 0.522421 0.009324 0.014393
2 0.436183 0.553845 0.014534 0.025817
2 0.455646 0.542497 0.011433 0.020825
2 0.466460 0.530317 0.009984 0.017008
2 0.478364 0.521762 0.008281 0.014766
