0 0.170933 0.825747 0.100913 0.130698
0 0.210510 0.631812 0.040432 0.051949
1 0.763558 0.682433 0.052112 0.080405
1 0.465601 0.576928 0.025896 0.037745
1 0.305249 0.555304 0.023215 0.031886
2 0.876443 0.513090 0.012740 0.022761
2 0.929642 0.513696 0.014368 0.022002
2 0.981953 0.509499 0.011727 0.023293
2 0.789378 0.589782 0.027464 0.047951
2 0.806892 0.548543 0.017856 0.032063
2 0.813018 0.528415 0.012980 0.023329
2 0.822787 0.512319 0.009904 0.019730
0 0.108155 0.588242 0.026285 0.036180
1 0.095727 0.552337 0.017940 0.027431
