0 0.167333 0.722907 0.055667 0.085137
0 0.125208 0.620234 0.031564 0.045898
1 0.570460 0.632396 0.036283 0.059442
1 0.338013 0.575853 0.023975 0.034519
1 0.185998 0.561213 0.018629 0.025491
2 0.699360 0.518449 0.011795 0.020344
2 0.743063 0.517379 0.012518 0.019109
2 0.900945 0.568043 0.022887 0.039322
2 0.851925 0.543319 0.016209 0.029517
2 0.819654 0.527193 0.012254 0.021184
2 0.787942 0.514719 0.010976 0.019576
2 0.605928 0.577708 0.024062 0.035160
2 0.628830 0.548605 0.015027 0.027248
2 0.640163 0.533893 0.010560 0.021131
2 0.651954 0.521172 0.009904 0.019730
0 0.010502 0.595160 0.020751 0.037929
0 0.009818 0.589288 0.019636 0.033448
