1 0.962197 0.839531 0.070250 0.153611
0 0.063975 0.852722 0.096700 0.136353
3 0.878277 0.708837 0.084939 0.157103
3 0.159912 0.732558 0.083040 0.154687
0 0.223753 0.684317 0.041255 0.066913
1 0.862771 0.643971 0.036788 0.063702
1 0.932741 0.590489 0.031860 0.046342
0 0.217061 0.612785 0.024807 0.041949
0 0.125139 0.585368 0.025207 0.031915
0 0.668578 0.575953 0.021875 0.033947
0 0.852353 0.543337 0.017318 0.029187
1 0.424679 0.579151 0.020306 0.032011
1 0.255479 0.559809 0.016389 0.025762
1 0.121103 0.558184 0.016001 0.021564
2 0.529063 0.523595 0.011442 0.017985
2 0.562440 0.523448 0.009495 0.015646
2 0.645790 0.549133 0.015620 0.026493
2 0.629772 0.536933 0.011953 0.020410
2 0.614046 0.529141 0.011913 0.018702
2 0.599229 0.519052 0.009324 0.014393
2 0.448455 0.555058 0.014214 0.024860
2 0.469974 0.536571 0.011433 0.020519
2 0.479129 0.530372 0.009984 0.017008
2 0.490289 0.522410 0.008281 0.014766
