0 0.077787 0.892762 0.091302 0.137086
0 0.199283 0.662836 0.042717 0.067121
0 0.130577 0.599334 0.032378 0.048629
0 0.859911 0.604337 0.029967 0.047894
1 0.511571 0.597526 0.028115 0.048185
1 0.304875 0.561999 0.020480 0.028377
1 0.161044 0.555647 0.018318 0.024338
2 0.634714 0.513776 0.011442 0.018782
2 0.674991 0.512271 0.012518 0.018683
2 0.792969 0.556352 0.018604 0.032913
2 0.764194 0.530863 0.013800 0.024617
2 0.739989 0.519295 0.011982 0.020378
2 0.714368 0.514800 0.010741 0.019208
2 0.542249 0.561608 0.020547 0.032664
2 0.566097 0.541520 0.013895 0.024181
2 0.577689 0.529418 0.010560 0.018472
2 0.589535 0.519231 0.009263 0.016196
