0 0.148981 0.899014 0.103070 0.143899
0 0.233077 0.638607 0.037733 0.054124
1 0.849831 0.728034 0.055389 0.097464
1 0.513510 0.583130 0.028774 0.041274
1 0.347255 0.557823 0.023215 0.031886
2 0.949274 0.517729 0.014147 0.023576
2 0.866949 0.604816 0.032080 0.050111
2 0.878407 0.557802 0.020024 0.033147
2 0.885381 0.531563 0.013053 0.023313
2 0.892054 0.513523 0.009725 0.020747
0 0.139793 0.587346 0.026285 0.036180
1 0.137981 0.552133 0.017940 0.027431
0 0.026930 0.573833 0.020841 0.029791
