0 0.175865 0.683675 0.047985 0.072873
0 0.116595 0.601715 0.031564 0.045998
0 0.909970 0.616502 0.036364 0.055461
1 0.522578 0.602596 0.032368 0.048185
1 0.310476 0.562371 0.021498 0.031283
1 0.161953 0.554292 0.018318 0.024338
2 0.649233 0.509667 0.011442 0.018782
2 0.691101 0.509255 0.012518 0.018683
2 0.825365 0.554722 0.020274 0.035357
2 0.787698 0.530126 0.014827 0.028047
2 0.759349 0.517037 0.011982 0.020378
2 0.734360 0.506029 0.010788 0.019282
2 0.556838 0.560207 0.024062 0.033496
2 0.581400 0.535903 0.014275 0.024980
2 0.592365 0.524786 0.010560 0.019319
2 0.604429 0.512235 0.009584 0.017963
