1 0.817043 0.744266 0.073028 0.106233
3 0.964062 0.854590 0.071874 0.222852
0 0.129895 0.759467 0.072536 0.104049
3 0.766120 0.657287 0.063072 0.121215
3 0.195140 0.680464 0.063069 0.122368
0 0.239219 0.652685 0.037148 0.062500
1 0.781109 0.619519 0.031518 0.053698
1 0.860572 0.575822 0.026217 0.041228
0 0.220995 0.600920 0.024807 0.039466
0 0.131196 0.580806 0.025538 0.033092
0 0.629889 0.567408 0.019968 0.032056
0 0.804016 0.541430 0.016710 0.024900
0 0.005859 0.574805 0.011719 0.025187
0 0.958784 0.527033 0.013595 0.020537
1 0.965746 0.551057 0.018638 0.030629
1 0.408682 0.570821 0.018331 0.028814
1 0.248382 0.556646 0.015370 0.024083
1 0.118068 0.556858 0.014161 0.019542
2 0.506862 0.523147 0.011442 0.017985
2 0.540215 0.523456 0.008906 0.015039
2 0.611389 0.547190 0.015620 0.023672
2 0.601241 0.533569 0.011953 0.020410
2 0.586898 0.528334 0.010234 0.016025
2 0.572726 0.522733 0.009297 0.013965
2 0.430569 0.550696 0.015341 0.023415
2 0.447978 0.540355 0.011433 0.018693
2 0.457664 0.534944 0.009126 0.016426
2 0.469363 0.526342 0.008281 0.014766
