0 0.105344 0.930199 0.103070 0.139603
0 0.232210 0.645558 0.037733 0.054828
1 0.899975 0.756779 0.063180 0.107960
1 0.527641 0.585473 0.031177 0.042720
1 0.357065 0.556131 0.023215 0.031886
2 0.976991 0.520023 0.014658 0.023576
2 0.903410 0.610959 0.034325 0.053298
2 0.911062 0.560265 0.021781 0.033147
2 0.914184 0.533619 0.014420 0.025522
2 0.918481 0.514291 0.009725 0.020747
0 0.144475 0.590254 0.026285 0.036180
1 0.148737 0.549066 0.017940 0.027431
0 0.032481 0.575001 0.020841 0.029791
