0 0.118436 0.795667 0.068355 0.112267
0 0.175203 0.637272 0.033633 0.054152
0 0.093284 0.592700 0.025207 0.038160
0 0.745752 0.586646 0.026868 0.042441
0 0.941614 0.544216 0.016772 0.029839
1 0.442748 0.586936 0.024197 0.041139
1 0.253020 0.558967 0.020480 0.028038
1 0.109903 0.554161 0.018318 0.024338
2 0.560421 0.514071 0.011442 0.017985
2 0.598391 0.511515 0.010471 0.016123
2 0.699810 0.547904 0.016915 0.029242
2 0.677554 0.530356 0.013612 0.022895
2 0.656899 0.520722 0.012018 0.020354
2 0.637598 0.510581 0.010741 0.019208
2 0.473320 0.553441 0.020547 0.032664
2 0.495680 0.535944 0.013284 0.022992
2 0.507272 0.525620 0.009984 0.018037
2 0.519656 0.516942 0.009170 0.015116
