1 0.827046 0.752730 0.076783 0.111733
3 0.974414 0.909424 0.051171 0.158887
0 0.121875 0.767578 0.075000 0.107422
3 0.779408 0.662164 0.065404 0.124097
3 0.189878 0.688445 0.065110 0.125495
0 0.232927 0.655983 0.037148 0.062500
1 0.787765 0.621232 0.031518 0.053698
1 0.863156 0.573472 0.026217 0.041228
0 0.219345 0.602154 0.024807 0.039466
0 0.128194 0.581785 0.025538 0.033092
0 0.630871 0.569108 0.019968 0.032056
0 0.805293 0.537352 0.016710 0.024900
0 0.961180 0.521192 0.013595 0.020537
1 0.970108 0.546797 0.019159 0.031095
1 0.407051 0.570526 0.018331 0.029811
1 0.246950 0.558687 0.015517 0.025480
1 0.117304 0.557195 0.014374 0.019875
2 0.506277 0.522733 0.011442 0.017985
2 0.540496 0.525270 0.008906 0.015039
2 0.612638 0.542367 0.015620 0.023672
2 0.602748 0.530967 0.011953 0.020410
2 0.588845 0.524650 0.010234 0.016025
2 0.574262 0.523096 0.009297 0.013965
2 0.429553 0.553925 0.015341 0.023415
2 0.449110 0.541853 0.011433 0.018693
2 0.458855 0.535114 0.009126 0.016426
2 0.470511 0.526189 0.008281 0.014766
