0 0.172166 0.700130 0.048950 0.073859
0 0.123729 0.610087 0.031564 0.045965
0 0.955564 0.632712 0.043559 0.062300
1 0.546542 0.618190 0.032368 0.054115
1 0.322906 0.567214 0.022575 0.033591
1 0.173018 0.557296 0.018318 0.024338
2 0.674050 0.513601 0.011681 0.020015
2 0.717084 0.514986 0.012518 0.021901
2 0.861386 0.564013 0.022403 0.038982
2 0.817338 0.538488 0.015701 0.028965
2 0.787843 0.525456 0.011982 0.020378
2 0.758886 0.514719 0.010976 0.019576
2 0.579419 0.569708 0.024062 0.035160
2 0.604069 0.544994 0.014275 0.025535
2 0.617685 0.524355 0.010560 0.021131
2 0.630163 0.511691 0.009904 0.019730
0 0.007481 0.585482 0.014962 0.033448
